


20437 20436 7101 23909 23911 20401 23925 23935 23947 3862 23964 3947 2161 2143 4994 2142 1766 24879 29554 24807 24811 24816 24817 24819 27210 1628 21510 21511 28184 21528 21514 21516 21515 28181 28178 28175 28173 25383 25382 28171 21513 21512 28168 1422 1589 24849 24848 1967 1392 20966 1350 28158 1363 29579 23866 14120 23869 23849 17452 1592 17288 23729 23740 23226 1349 23743 20785 1380 17293 15576 15560 25189 1356 26948 18278 18280 23851 28834 23852 1377 23854 1384 1417 1418 1126 24960 1690 29104 29115 1246 17159 17364 17231 1244 1243 1242 17232 1241 4156 4155 26018 24964 4151 13018 
20437 20436 7101 23909 23911 20401 23925 23935 23947 3862 23964 3947 2161 2143 4994 2142 1766 24879 29554 24807 24811 24816 24817 24819 27210 1628 21510 21511 28184 21528 21514 21516 21515 28181 28178 28175 28173 25383 25382 28171 21513 21512 28168 1422 1589 24849 24848 1967 1392 20966 1350 28158 1363 29579 23866 14120 23869 23849 17452 1592 17288 23729 23740 23226 1349 23743 20785 1380 17293 15576 15560 25189 1356 26948 18278 18280 23851 28834 23852 1377 23854 1384 1417 1418 1126 24960 1690 29104 29115 1246 17159 17364 17231 1244 1243 1242 17232 1241 4156 4155 26018 24964 4151 13018 

22192 22186 19411 19410 3431 19404 24464 3415 24569 20064 8727 8726 3436 17966 17961 27855 4035 27396 4034 8841 28903 4046 4033 28893 7468 7817 14769 5043 23491 23489 26573 20061 17958 23485 23481 8830 23478 20058 1537 22142 1538 8810 8809 20056 20054 20051 23472 1539 6708 6712 15855 26567 1540 8760 18590 18587 23469 18563 24500 21026 21023 8789 8791 8787 1541 22121 1542 3979 1543 18811 
21582 7000 7761 7760 7759 7758 10122 18900 18902 18904 18905 7782 18912 7785 8898 8896 
4616 4617 14744 17129 17127 17126 17122 17121 17119 17108 17106 1162 17101 1161 3405 17090 23605 23601 3406 17085 3407 3408 3409 3410 9791 9783 18755 15365 20133 15619 4707 18749 4708 1320 18738 1319 23341 18739 15396 15364 4634 1781 13030 4664 4640 4641 4666 22562 4642 22556 30058 4643 28269 4644 4645 22719 7729 
23729 23740 23226 1349 2289 23225 1594 17289 2328 1593 8186 8188 23847 14121 1595 23845 1351 23865 20959 20960 20962 20963 20961 20964 24844 24845 24846 20965 24847 24850 1389 1388 28167 1387 28172 28174 28177 28180 10258 1386 10259 10260 303 
7489 7490 29892 7512 25973 22188 22190 22191 22195 8734 22210 29898 8735 29878 8736 18149 18152 8739 7269 23669 17745 8737 8738 17752 17756 17757 13648 2052 
4823 2457 29912 21052 5609 5753 5612 2606 2613 2616 5754 5755 2498 1325 5756 23372 1324 5758 5759 6328 1323 1322 4700 1321 6631 6630 11203 7869 4708 4709 18728 18726 15627 2217 20145 4716 4710 4711 4712 27307 29201 22564 2359 22560 27306 27305 27302 2229 4648 4649 4650 4652 17004 18872 17002 14484 14481 6682 4074 4075 2030 13193 13063 2031 13896 13910 6691 13914 13901 14462 20144 14448 3037 14452 14431 14446 14463 14459 3038 3039 3047 3053 3078 3040 3057 3076 24120 4895 4067 22110 4891 4986 4068 24698 24697 4069 24695 24693 4070 4071 24689 24688 24687 28799 20101 8265 9110 9111 9000 10367 19877 19873 22106 10370 10356 31007 10368 28347 28354 15024 14998 9001 28384 28385 8264 14913 8263 28377 
4512 1614 1613 1618 1615 1612 113 114 26334 1220 2429 1219 1812 15979 30126 1923 1924 6685 14313 14289 1839 26370 14308 14302 1840 14105 23213 6683 23163 4165 1217 1216 1215 23178 4160 1212 14279 14276 14284 14270 1210 1209 1275 14252 14227 6695 14264 14239 14248 1274 6694 14214 1273 14429 14261 14241 14215 2360 2361 9784 9785 9529 9527 1632 15390 1631 9845 15385 23649 23646 
8084 26508 8068 24966 26507 22421 2274 8078 8077 8074 17572 7918 7919 17568 8062 8056 1524 8050 8051 17549 3648 17542 17541 17533 1525 17540 26500 1128 17414 1165 1170 5457 7578 14715 23616 7576 14717 

14285 3453 14273 1211 18010 4162 23176 23173 1729 1730 6817 17155 17158 17157 29102 1691 17151 17150 17149 23853 23236 2327 23850 29450 18279 18275 2326 1803 1804 17290 2289 23225 1594 17289 2328 1593 8186 8188 23847 14121 1595 28154 1596 109 17281 1774 4909 1699 1597 28152 30216 27178 1598 26344 5888 26342 30210 24954 24952 24951 24947 24936 24935 24933 24932 24861 26314 24863 24860 24859 24862 26319 24864 24887 24888 24891 24892 24893 24896 24904 
21873 26757 21878 21879 26758 26756 15854 21876 21881 13938 13937 15876 4549 6710 6713 15861 15851 6704 6715 15856 15853 4546 4547 4548 1640 18556 1782 15872 15877 15869 20491 13103 19710 22681 20483 2040 7916 7731 7732 7730 7733 4656 4505 17020 11207 11338 4504 11143 4503 7898 15891 15885 15882 17001 18873 17003 1648 6420 18860 6422 20522 15634 1174 15629 1175 15615 11218 18727 15636 7869 18747 19625 
14144 13130 28585 8430 24428 28607 28603 28594 8799 8807 8795 8794 8805 8777 28994 8434 8776 8443 21016 14697 7685 7686 21013 21010 3573 3576 3575 3574 29006 29004 29002 3544 20996 20995 20990 3532 3545 20989 8659 24483 24479 8658 15581 2045 1789 15583 1790 1788 29058 1787 16554 18771 8564 652 8565 16748 16718 16559 16671 16692 16743 16613 16802 16655 16607 16729 16680 
20214 4206 19893 15623 4207 26396 20111 20113 20114 13735 4199 4200 13732 4201 19789 4202 27354 20117 20120 21972 7303 4367 19790 7316 28855 7456 28856 8708 3434 17972 12731 3416 20667 7472 1507 7448 12557 12600 12633 
1165 1170 5457 8584 22172 2209 7556 12582 7482 23593 4430 23590 17401 7567 4426 1872 3356 6310 22165 23585 23583 5385 5387 11103 23578 1873 6315 11278 8035 2227 5068 5071 5074 5802 6297 23565 6323 5794 5063 5354 23375 1322 4629 6654 5637 5639 5641 5643 5737 5736 5744 6762 5747 5067 2232 5644 1753 5646 8121 5650 491 5651 5652 5654 11147 6660 5728 1737 476 11131 1754 11192 5732 11145 11216 6199 1756 1144 
4736 4737 20921 26598 4734 4238 26599 4237 1978 18082 17457 17458 17461 4274 6399 18097 4273 27130 27136 4281 14372 27120 14393 27114 6690 27108 27121 27125 27126 27128 6486 14400 6381 6392 6393 14386 14347 14357 6687 3027 3023 3024 2333 2332 2334 2335 27283 20803 2336 15952 15984 15955 1923 1924 6685 
2740 2739 2738 2737 2736 25522 25520 25518 25517 25519 2731 2735 2732 2733 2734 25105 25104 25101 1662 6805 25099 25098 1663 21694 21692 1664 20545 1665 1666 25096 25094 20542 20540 20538 21673 2186 2187 10332 21676 2188 6836 2189 6852 8479 2190 2191 2192 9777 2193 2194 2195 2196 9050 2197 14027 14064 14025 14628 8475 8474 14016 7169 7170 16899 16903 21156 21157 21158 2198 16054 16056 2323 2318 3388 16059 4019 4020 19091 3479 9070 9069 19017 19018 19278 19021 2706 2708 19288 19291 30135 30137 3607 3605 3619 9076 9086 28524 28523 28530 28513 19714 367 19716 30874 9081 27699 9080 9079 19739 19738 19723 27679 27675 27671 27670 2840 27667 27663 27655 2845 19749 27540 2847 27512 2844 2842 27523 27648 27520 27519 27518 27517 19721 19720 27642 
