28155 1351 14120 23869 23849 17452 1592 17288 23729 23740 23226 1349 23743 20785 1380 17293 15576 15560 25189 1356 26948 18278 18280 23851 28834 23852 1377 23854 1384 1417 1418 1126 24960 1690 29104 29115 1246 17159 17364 17231 1244 1243 1242 17232 1241 4156 4155 26018 24964 4151 23242 23241 28659 
24961 16030 16031 967 976 16029 16026 1358 17176 17183 17191 17205 17211 17212 17213 17216 17218 17214 2250 12482 12490 4778 25414 12781 25417 25418 25423 2106 25425 25427 25429 25430 4779 4780 4781 6788 6787 6786 25466 6785 28760 6784 7198 28427 2279 25468 6927 6930 25479 6929 25487 7197 
8042 8039 7602 22525 17584 17582 17555 17547 1810 4107 17556 8067 8069 8071 8076 12574 20675 20676 26501 12625 24965 
4110 7208 25028 4108 28824 4107 17556 17581 17585 22526 22538 22522 2273 22524 19104 19115 19119 19156 19158 19162 22455 22461 22465 22470 22474 22417 26040 26065 
108 28253 1595 23845 1351 23865 20959 20960 20962 20963 20961 20964 24844 24845 24846 20965 24847 24850 1389 1388 28167 1387 28172 28174 28177 28180 10258 1386 10259 10260 
24893 
20675 12564 12645 2701 25031 4113 4112 4094 4096 4095 14282 2385 27250 10976 18002 3452 14283 10966 27170 18005 1346 25154 25004 10989 25005 29602 23175 4169 11017 4170 4171 4172 29421 3455 27244 3424 3425 3426 4799 16032 1345 4800 1347 1348 4811 3454 4814 23217 23218 23219 23220 27333 27337 27324 
2130 15996 20826 20825 2131 30024 1768 20950 4554 265 4553 20951 1609 30025 1057 123 1383 28144 28149 1354 1382 20784 24954 5889 1381 24955 27177 1591 1698 4908 17282 1362 17283 2126 28155 1351 14120 23869 23849 17452 1592 17288 23729 23740 23226 1349 23743 20785 1380 26937 26008 26157 26944 
26938 26939 15556 15557 23856 1376 28842 4126 1377 28838 23236 2327 23850 29450 18279 18275 2326 1803 1804 17290 2289 23225 1594 17289 2328 1593 8186 8188 23847 14121 
24889 26323 24872 26315 24871 24873 24874 24870 24863 24860 26305 26291 26288 24854 20835 20830 20828 2129 20816 4690 4689 2144 2145 2146 23979 2148 23973 23967 20791 23959 4307 4306 23950 23946 23944 4305 23938 23937 23934 4304 23916 4312 20395 23910 23908 1450 3838 1451 1452 22280 22279 3826 3852 1453 28442 28438 1454 23993 28435 4333 23989 23987 23986 4332 21494 21496 7064 
8133 1139 5659 5664 5660 1153 1152 1151 1150 1149 11021 1148 1147 1146 5696 1145 5005 5003 18715 1143 4467 20467 4997 11533 11390 11545 5137 5097 11699 11440 20319 1743 19916 20308 19915 
1370 29455 27191 27192 2472 1702 14290 14314 3666 26363 14292 13457 14295 4928 14103 14106 4805 23214 4809 14298 4808 4807 2118 4166 4163 12695 2357 12678 29217 1953 29219 25044 28782 28656 28657 
23857 23858 23859 25404 25403 2304 2305 1360 25392 30401 12506 25376 28431 1589 20965 24843 24885 25370 1636 1635 1634 24835 24882 1765 24832 24829 24810 24806 24805 24803 24878 25365 24875 24867 24865 24866 1400 24864 24887 24888 
4142 20901 4139 20895 28135 28134 20894 4300 20900 7094 28136 28138 4135 4134 20849 20851 1605 28141 15990 1610 28143 1383 28144 28149 1354 1382 20784 24954 5889 1381 24955 27177 1591 1698 1701 1700 20956 1627 287 1964 24818 
12964 4855 4854 4857 4858 12874 4859 4860 4861 4862 4863 4864 12971 4865 29664 24703 18496 24109 8411 24111 18507 8407 3987 3983 29639 3975 3976 13166 
17981 
29226 1944 6755 1952 29210 4149 4151 23242 23254 24154 29581 4154 4153 4152 23462 23465 8092 22248 8090 28664 10209 28768 28770 23709 23708 8082 8086 4797 20678 8080 8077 8074 17572 7918 7919 17568 8065 8060 8042 8039 8038 8040 
3843 23907 23912 23914 23935 23947 3862 23964 3947 2161 2143 4994 2142 1766 24879 29554 24807 24811 24816 24817 24819 27210 4911 1100 1101 28165 1116 1114 1112 
13922 
27261 5705 28102 28101 28100 28099 27119 14406 14405 14367 14403 14358 15088 14399 18096 18094 3497 12820 20912 20911 26601 3489 26600 3492 7657 4740 12928 4741 4742 4743 4747 23448 12906 12939 4757 20939 20938 26652 24174 7354 4758 4759 4760 4761 7324 7330 
