12155 28046 30310 28043 28091 28089 28087 28071 30326 30322 30321 30318 28070 28069 12586 28059 28058 28057 30340 25063 25062 25064 25065 25066 30339 21606 24971 24977 24980 24981 21605 14889 21604 14891 14896 14894 21566 14887 21557 19483 19481 14903 30330 8149 14899 14895 14892 4310 31508 4309 21530 110 21529 16655 108 103 21616 21517 21610 322 316 315 314 23527 21695 30796 30794 21691 313 506 9443 9445 31465 1248 17656 17653 17654 228 
22573 1595 9307 1219 15119 1218 1215 8227 4245 31217 1726 1217 4240 217 13384 5663 5661 13247 5656 1228 13232 1227 9432 3425 3389 5017 30409 5018 5007 17904 9436 17917 17896 149 17630 17918 17900 17915 17902 5482 17916 150 19980 19969 19977 19995 19991 567 17925 568 17922 18023 17962 17976 569 7269 18012 570 6855 6867 2165 7358 17998 592 18013 7273 18001 593 4444 9365 594 7272 4440 595 6202 6906 6905 17268 7263 17275 17267 3728 6909 3729 4947 4967 15416 27127 4964 4965 4963 30782 15339 15372 4970 27143 27142 31899 8409 4971 4972 4973 4974 4975 4977 8394 8396 25719 
26867 26881 26907 26913 25745 31833 31835 6844 14254 14012 9408 7149 5724 26342 8373 6843 4421 26355 7250 30635 674 24221 2914 16687 1121 16683 6837 18102 16685 18100 4693 15483 7075 7078 20737 7076 7077 25842 7074 7073 27242 7069 10615 7070 27237 27236 18402 18418 8839 8847 8855 8850 32218 32217 8848 8846 3560 3568 27228 3561 9720 32179 3562 32181 8865 8864 8871 9721 32198 6319 18817 6320 
23941 10999 18961 3684 25728 31894 25730 25733 17273 17266 17278 18901 26865 17279 26883 26908 26912 17269 28487 28489 6844 14254 14012 9408 13994 5727 14217 14367 14279 14331 14011 13989 14299 3723 14149 25803 1048 14364 25804 1041 7154 26536 18935 4409 26542 26543 26544 26545 26546 26547 5344 
22573 1595 9307 28999 1591 9317 9312 9309 22155 9135 9136 22147 9301 9295 431 9289 9290 22123 3661 22115 22114 22106 432 433 434 22086 18464 18477 18490 9863 21447 34 21446 31936 31941 21450 21451 21440 21432 21426 21420 21418 21416 21415 31064 21413 21412 21410 31059 31055 21407 21405 26593 21402 31054 15693 21398 11780 3371 23224 11430 11797 11798 11804 11818 11811 11805 11802 11801 3238 11812 11809 11808 3239 13695 3240 913 13527 1486 13632 13643 13603 1487 4923 13530 1488 9270 3269 6728 6738 
29818 12360 864 22212 22209 22210 8774 29086 1949 29206 29197 29079 29072 29154 29143 22193 22189 8757 22159 8708 8707 22094 22071 22070 2200 8695 22050 6595 848 22040 22035 847 22032 205 4329 5720 8241 8240 8239 8238 8237 8236 8235 5847 8234 8233 8232 8231 8230 170 169 4042 2022 184 2035 1997 2033 2016 5867 6020 26801 12832 12877 5844 1656 28663 
8156 1674 18290 26287 7092 29062 7099 25978 29041 1675 15941 14913 1676 24780 24779 24778 839 840 29098 841 22228 12343 12359 22224 12353 12354 12344 842 3586 3580 925 24738 924 23131 2919 2921 22716 2920 19618 4140 19621 32162 6565 2922 32160 2454 2923 2924 28197 2449 2450 6359 2451 3183 27679 3180 2455 19606 19642 28185 32121 32119 28149 28147 2456 2457 2452 32115 32110 32105 32101 32098 32095 32090 22567 2453 32082 21216 21215 21169 22587 21166 4623 
25139 9264 989 1226 4320 4317 4321 84 83 30367 4314 81 17882 17878 17887 17872 79 78 146 17853 17822 7279 17866 17839 17849 7278 17807 145 18055 17862 17842 17808 1729 1730 11772 11771 24304 19269 26130 19548 19553 19542 19562 26145 19565 4210 19549 6919 24420 6917 4211 21259 24445 21257 18113 18110 7265 4212 4213 24442 24441 1097 26212 739 26209 17804 17611 1107 24022 
1457 1469 1390 1391 1392 4223 3673 1387 4225 4761 1394 1395 1396 3054 1397 3056 1398 3059 3060 3062 3063 3064 3055 3065 12410 17516 17510 17495 17502 17494 17478 17499 17474 17513 12395 
4261 8205 8203 8202 8204 8228 8200 8691 22051 22057 22065 22075 22095 22111 22146 22161 22164 22141 9284 9285 12290 9291 22133 8758 8756 8755 
15338 17985 1078 1077 6450 26449 14552 1076 6455 26433 14381 26435 4425 4415 26430 26429 26426 26414 26423 26447 26453 26454 26456 26458 26461 26462 4943 13262 4944 6 5 30559 9 8 30573 10 11 24246 13325 25032 6054 669 25031 30588 28294 28293 13665 30583 13615 24233 1103 1102 24193 1101 1100 1099 1098 24442 24441 1097 26212 739 26209 17804 17611 1107 24022 17617 4665 28447 28448 17695 24090 27328 4671 4664 24089 24087 17609 
4302 30448 30460 31879 30465 4305 4304 4303 30801 30804 1222 28780 9336 28786 9334 9335 430 657 658 492 28821 28824 4995 4996 4999 12361 836 17693 17694 7384 8185 1596 7606 
15180 27156 15182 20061 4715 4716 20041 4713 4714 20054 4710 4711 23699 4021 4022 4020 1280 1281 1282 1265 5202 1264 711 335 334 73 72 333 21541 
16337 5269 16302 10639 16305 16329 16300 16440 16421 16448 16429 5273 19283 16441 15877 15876 16524 19278 16425 16336 16452 16434 9028 30853 10658 26017 30858 30861 5258 26019 4131 4134 22807 4135 4139 871 25162 6564 31405 31408 32154 19601 19616 19619 31412 24554 24555 28200 10663 1139 24568 24566 1927 1940 1942 28412 
28453 28464 6933 28470 19566 19558 19563 50 19559 19545 19555 4102 24305 51 544 11838 543 17830 25681 17860 17854 4605 1740 1741 17851 8711 23759 23760 17859 
159 160 7578 7579 161 5135 17894 5136 17909 17918 17900 17915 17902 5482 17916 150 19980 19969 19977 19995 19991 567 17925 568 17922 18023 17962 17976 569 7269 18012 570 6855 6867 2165 7358 17998 592 18013 7273 18001 593 4444 9365 594 7272 4440 595 6202 6906 6905 17268 7263 17275 2908 31921 596 2903 17282 17277 6844 2910 28488 28486 9062 30919 15228 8410 3024 26866 26865 26864 26877 26860 26858 
13485 4703 9112 19891 19882 19879 21256 24446 21258 566 6918 24421 6920 26619 19568 49 19563 50 19559 19545 19555 4102 24305 51 544 11838 543 17830 25681 17860 17854 4605 1740 1741 17851 8711 8712 
32486 31151 31158 31969 31971 31974 31975 6563 31977 23098 23099 6557 23100 23105 22715 414 886 23395 415 416 24737 3581 3587 66 212 24741 24742 12351 12352 22223 24749 23401 29087 24758 24762 24766 24767 24768 24770 67 24773 68 1586 659 7329 493 11754 6488 6489 11750 494 11758 11759 11760 11786 11761 1370 
28692 28695 7814 28703 31141 7817 10467 10470 24095 10477 7813 1137 23103 23104 3681 10543 22713 9021 892 4831 23126 17933 23394 21376 21377 3361 3360 21378 418 419 24737 3581 3587 66 212 24741 22218 22234 22239 22243 22244 873 22260 29933 20190 874 1679 875 876 877 20188 20205 20183 20206 2935 11350 30255 2927 2936 2937 30258 8317 8318 20758 20756 8960 27320 27321 7820 8966 8965 8964 8963 12212 26060 22847 22848 10732 24473 
6433 5707 28973 22332 4835 22325 22327 22324 25157 22297 22284 1125 6532 22277 4826 23355 23091 1153 887 19225 23365 23345 23391 19226 23122 23123 25271 25272 25273 23127 17933 23394 21376 21377 3361 935 21495 21486 21368 843 844 26219 26218 23163 
11438 25004 2237 2236 27643 24598 1919 10931 10930 10929 10928 10922 882 883 7878 884 3349 1678 20212 20193 20213 20177 29939 11367 
3457 3453 3454 2736 12516 2687 2739 2705 11497 2708 9149 2701 2691 2704 26676 11488 1914 1915 1916 3449 1917 24582 1918 24586 10928 10922 882 24692 2745 24102 1170 24105 24108 11463 11452 11449 1171 2744 24110 
8762 29188 22197 8761 29163 29168 29071 29072 29154 29143 22193 22189 8757 22159 8708 8707 22094 22071 22070 2200 22063 15017 8698 8699 15025 15009 15012 22062 24153 22074 22080 22088 22128 25688 22140 22142 8245 22115 22114 22106 432 433 434 22086 18464 3410 3408 435 31510 31961 436 437 438 26804 439 3404 22809 31956 31955 8658 8661 32466 911 8639 31965 
