16
1	0	159
0	41.4257	104.453
1	41.2838	104.452
2	41.2838	104.452
3	41.2629	104.452
4	41.2691	104.554
5	41.2743	104.665
6	41.2787	104.872
7	41.2786	105.083
8	41.2784	105.238
9	41.2783	105.29
10	41.2777	105.421
11	41.2608	105.48
12	41.2618	106.005
13	41.2633	106.282
14	41.2635	106.948
15	41.265	107.793
16	41.2628	108.029
17	41.2646	108.517
18	41.2653	108.533
19	41.2667	108.804
20	41.2659	109.267
21	41.2671	109.595
22	41.2786	109.719
23	41.2795	109.782
24	41.2852	109.819
25	41.2825	109.988
26	41.2826	110.008
27	41.2929	110.024
28	41.3003	110.031
29	41.3082	110.035
30	41.3159	110.035
31	41.3319	110.036
32	41.4637	110.037
33	41.5611	110.037
34	41.621	110.048
35	42.2914	110.056
36	42.5617	110.06
37	43.429	110.073
38	43.5009	110.074
39	43.5609	110.082
40	43.6103	110.083
41	43.644	110.073
42	43.6348	110.088
43	43.6153	110.234
44	43.61	110.304
45	43.6082	110.391
46	43.6107	111.05
47	43.614	111.916
48	43.6103	112.133
49	43.6101	112.146
50	43.5955	112.14
51	42.9538	111.888
52	42.876	111.858
53	42.5908	111.746
54	42.3378	111.647
55	42.3001	111.632
56	42.2847	111.627
57	42.0412	111.53
58	41.9863	111.508
59	41.7947	111.432
60	41.7284	111.406
61	41.7094	111.399
62	41.6958	111.394
63	41.6437	111.375
64	41.5647	111.358
65	41.5167	111.348
66	41.4679	111.344
67	41.4119	111.344
68	41.2887	111.342
69	41.2294	111.341
70	41.1846	111.341
71	41.1423	111.341
72	40.6911	111.339
73	40.6848	111.339
74	40.6638	111.339
75	40.6037	111.339
76	40.2792	111.34
77	40.2669	111.34
78	39.7912	111.337
79	39.7839	111.337
80	39.459	111.336
81	39.3227	111.335
82	39.3168	111.335
83	39.0233	111.335
84	38.8809	111.335
85	38.8721	111.335
86	38.8721	111.353
87	38.8721	111.408
88	38.872	111.54
89	38.872	111.584
90	38.8719	111.681
91	38.8756	111.914
92	38.8758	111.925
93	38.8763	112.012
94	38.8764	112.049
95	38.8771	112.194
96	38.877	112.211
97	38.877	112.228
98	38.877	112.24
99	38.877	112.256
100	38.8768	112.272
101	38.8774	112.444
102	38.8775	112.48
103	38.8775	112.507
104	38.8781	112.539
105	38.8773	112.71
106	38.8774	112.73
107	38.8776	112.743
108	38.8776	112.751
109	38.8774	112.848
110	38.8775	112.872
111	38.8776	112.896
112	38.8777	112.919
113	38.8799	112.95
114	38.8798	112.956
115	38.8797	112.962
116	38.8797	113.002
117	38.8795	113.009
118	38.8784	113.044
119	38.8782	113.061
120	38.8766	113.177
121	38.8765	113.187
122	38.8762	113.2
123	38.8766	113.225
124	38.8784	113.389
125	38.8755	113.445
126	38.8623	113.536
127	38.8536	113.572
128	38.8343	113.621
129	38.809	113.669
130	38.7749	113.721
131	38.759	113.745
132	38.7401	113.766
133	38.7017	113.803
134	38.6949	113.81
135	38.629	113.868
136	38.5551	113.934
137	38.5388	113.949
138	38.4715	114.009
139	38.4445	114.033
140	38.4365	114.04
141	38.388	114.063
142	38.3711	114.078
143	38.3545	114.093
144	38.3102	114.134
145	38.2734	114.167
146	38.2125	114.221
147	38.1649	114.266
148	38.1157	114.311
149	38.1075	114.318
150	38.1075	114.318
151	38.1014	114.325
152	38.1012	114.334
153	38.0988	114.344
154	37.9985	114.444
155	37.9729	114.467
156	37.6511	114.757
157	37.5975	114.805
158	37.7516	115.005
2	0	110
0	27.2085	116.416
1	26.579	116.393
2	26.5648	116.393
3	26.5494	116.392
4	26.5513	116.384
5	26.553	116.377
6	26.5549	116.368
7	26.5559	116.364
8	26.63	116.119
9	26.6381	116.093
10	26.6447	116.07
11	26.6767	115.968
12	26.7283	115.793
13	26.7452	115.731
14	26.7517	115.707
15	26.7573	115.687
16	26.7724	115.632
17	26.8024	115.522
18	26.7982	115.5
19	26.8179	115.434
20	26.8314	115.384
21	26.8375	115.35
22	26.8443	115.328
23	26.8452	115.314
24	26.7839	115.288
25	26.7169	115.255
26	26.6775	115.235
27	26.3837	115.084
28	26.2566	115.02
29	26.2292	115.006
30	26.1977	114.99
31	25.9628	114.882
32	25.9447	114.874
33	25.8943	114.85
34	25.8624	114.833
35	25.7822	114.765
36	25.7633	114.75
37	25.7444	114.734
38	25.7456	114.716
39	25.7458	114.705
40	25.748	114.603
41	25.7533	114.543
42	25.761	114.505
43	25.7719	114.451
44	25.7826	114.394
45	25.8283	114.101
46	25.836	114.015
47	25.841	113.939
48	25.8508	113.727
49	25.8685	113.402
50	25.8895	113.296
51	25.8958	113.144
52	25.9045	112.936
53	25.9076	112.861
54	25.9084	112.828
55	25.9077	112.768
56	25.9099	112.7
57	25.9192	112.468
58	25.9197	112.402
59	25.9231	111.97
60	25.9248	111.798
61	25.9267	111.703
62	25.9269	111.651
63	25.9278	111.466
64	25.9285	111.332
65	25.9311	111.009
66	25.9261	110.779
67	25.928	110.563
68	25.9278	110.437
69	25.9296	110.186
70	25.9325	109.774
71	25.9326	109.439
72	25.932	109.136
73	25.933	109.034
74	25.9324	108.809
75	25.9318	108.583
76	25.9371	108.334
77	25.9378	108.065
78	25.937	107.755
79	25.9368	107.688
80	25.9366	107.557
81	25.9361	107.358
82	25.9407	107.221
83	25.9413	107.045
84	25.9414	107.012
85	25.9418	106.873
86	25.9407	106.777
87	25.9407	106.726
88	25.9408	106.529
89	25.9407	106.166
90	25.9408	106.118
91	25.941	106.066
92	25.9418	105.981
93	25.9434	105.815
94	25.9443	105.726
95	25.9534	105.558
96	25.9726	105.33
97	25.9836	105.177
98	25.9858	105.152
99	25.9878	105.129
100	25.9893	105.112
101	25.9908	105.095
102	25.9929	105.07
103	25.9946	105.05
104	25.9953	105.042
105	25.9985	105.004
106	26.0546	104.297
107	26.0735	104.065
108	26.081	103.947
109	26.1155	103.554
3	0	49
0	28.8382	126.389
1	28.977	126.424
2	28.9801	126.425
3	28.9961	126.429
4	29.0797	126.455
5	29.0593	126.841
6	29.0586	126.855
7	29.0438	126.957
8	29.1189	127.022
9	29.6386	127.444
10	29.6657	127.463
11	30.1458	127.854
12	30.1549	127.864
13	30.1152	127.941
14	30.0987	127.986
15	30.0727	128.293
16	30.0292	128.806
17	30.022	128.884
18	30.4648	128.909
19	30.4644	128.931
20	30.4287	129.282
21	30.3994	129.639
22	30.6623	129.655
23	30.5683	130.179
24	30.5657	130.196
25	31.2792	130.354
26	31.4575	130.395
27	31.5157	129.734
28	31.5486	129.745
29	31.6155	129.768
30	32.2754	129.832
31	32.3055	129.816
32	32.345	129.783
33	32.3582	129.759
34	32.3691	129.72
35	32.3794	129.675
36	32.3918	129.646
37	32.4072	129.623
38	32.4218	129.613
39	32.4409	129.607
40	32.4636	129.604
41	32.5001	129.609
42	32.8757	129.673
43	33.1369	129.713
44	33.2541	129.725
45	33.7321	129.776
46	34.6502	129.874
47	34.6599	129.721
48	34.7151	129.441
4	0	99
0	29.1913	116.065
1	29.3459	116.062
2	29.4128	116.056
3	29.5643	116.048
4	29.5698	116.048
5	29.5724	115.974
6	29.5745	115.896
7	29.5837	115.736
8	29.59	115.597
9	29.5931	115.572
10	29.6052	115.55
11	29.6066	115.493
12	29.618	115.238
13	29.5998	115.127
14	29.6038	115.085
15	29.6202	114.605
16	29.6259	114.511
17	29.6394	114.448
18	29.7176	114.261
19	29.7385	114.201
20	29.7453	114.16
21	29.7519	113.998
22	29.7526	113.944
23	29.7542	113.895
24	29.7548	113.874
25	29.7573	113.795
26	29.764	113.649
27	29.7686	113.59
28	29.7762	113.542
29	29.7835	113.501
30	29.8116	113.382
31	29.8304	113.293
32	29.8383	113.253
33	29.8459	113.183
34	29.8485	113.133
35	29.8546	112.767
36	29.8546	112.767
37	29.8417	112.709
38	29.8487	112.652
39	29.8451	112.566
40	29.8404	112.508
41	29.8339	112.486
42	29.803	112.422
43	29.7926	112.393
44	29.7849	112.363
45	29.7839	112.324
46	29.7787	112.268
47	29.7878	111.983
48	29.7899	111.914
49	29.7925	111.829
50	29.8007	111.577
51	29.8023	111.54
52	29.8039	111.503
53	29.7902	111.458
54	29.8002	111.188
55	29.8003	111.172
56	29.6211	111.169
57	29.5387	111.169
58	29.3921	111.169
59	29.2796	111.17
60	29.2147	111.171
61	29.1163	111.173
62	29.0409	111.175
63	28.8359	111.179
64	28.8225	111.179
65	28.809	111.179
66	28.8158	111.164
67	28.8156	111.149
68	28.8072	110.663
69	28.802	110.635
70	28.8082	110.543
71	28.8161	110.457
72	28.8295	110.315
73	28.833	110.277
74	28.8498	110.097
75	28.8511	110.081
76	28.8525	110.067
77	28.8537	110.051
78	28.8701	109.718
79	28.8714	109.693
80	28.8723	109.675
81	28.8805	109.509
82	28.8812	109.495
83	28.8819	109.481
84	28.8966	109.157
85	28.9053	108.966
86	28.908	108.866
87	28.9074	108.801
88	28.9038	108.737
89	28.8961	108.666
90	28.8873	108.615
91	28.8158	108.29
92	28.7912	108.178
93	28.7879	108.162
94	28.7608	108.024
95	28.7592	108.016
96	28.74	107.919
97	28.7157	107.779
98	28.6971	107.672
5	0	64
0	38.8758	111.925
1	38.8763	112.012
2	38.8764	112.049
3	38.8771	112.194
4	38.877	112.211
5	38.877	112.228
6	38.877	112.24
7	38.8281	112.24
8	38.8281	112.228
9	38.828	112.21
10	38.8263	111.984
11	38.8264	111.961
12	38.8265	111.95
13	38.8267	111.927
14	38.8268	111.907
15	38.8261	111.832
16	38.8263	111.683
17	38.826	111.661
18	38.8263	111.484
19	38.8256	111.407
20	38.8248	111.347
21	38.8249	111.334
22	38.8247	111.318
23	38.8498	111.318
24	38.8723	111.317
25	38.9922	111.319
26	39.0236	111.319
27	39.3085	111.319
28	39.5032	111.32
29	39.7878	111.32
30	40.2667	111.323
31	40.2791	111.323
32	40.6024	111.322
33	40.6455	111.323
34	40.7307	111.324
35	40.7504	111.324
36	40.8219	111.325
37	40.8834	111.325
38	41.1422	111.325
39	41.1846	111.325
40	41.2294	111.325
41	41.2889	111.326
42	41.3975	111.329
43	41.4672	111.33
44	41.518	111.336
45	41.5677	111.345
46	41.5804	111.317
47	41.6258	111.329
48	41.6451	111.364
49	41.7131	111.386
50	41.7267	111.391
51	41.7336	111.394
52	42.0457	111.518
53	42.2866	111.614
54	42.2971	111.618
55	42.6022	111.738
56	42.8793	111.847
57	42.9571	111.877
58	43.1594	111.957
59	43.5956	112.127
60	43.5973	111.916
61	43.5981	111.051
62	42.9669	111.051
63	42.965	110.728
6	0	41
0	27.2222	115.999
1	27.2211	116.04
2	27.3812	116.056
3	27.5102	116.069
4	27.5042	116.291
5	27.5012	116.402
6	27.9294	116.418
7	27.9429	116.418
8	27.9426	116.427
9	27.9422	116.438
10	27.9419	116.447
11	27.9347	116.622
12	27.9342	116.635
13	27.9301	116.734
14	27.9295	116.747
15	27.9196	116.986
16	27.9137	117.181
17	27.9122	117.229
18	27.9118	117.242
19	27.9008	117.544
20	27.9004	117.554
21	27.9009	117.596
22	27.9004	117.607
23	27.8965	117.694
24	27.8938	117.742
25	27.8907	117.808
26	27.8846	117.982
27	27.8816	118.087
28	27.8777	118.236
29	27.8733	118.351
30	27.873	118.359
31	27.8726	118.369
32	27.8719	118.38
33	27.8715	118.391
34	27.8712	118.398
35	27.8656	118.547
36	27.8638	118.606
37	27.8622	118.68
38	27.8729	118.713
39	27.8728	118.739
40	27.8691	118.808
7	0	223
0	34.3311	111.283
1	34.1671	111.286
2	34.0718	111.292
3	33.9277	111.292
4	33.84	111.292
5	33.8065	111.292
6	33.6137	111.291
7	33.5503	111.291
8	33.2659	111.29
9	33.0194	111.292
10	32.9936	111.294
11	32.9649	111.294
12	32.8109	111.285
13	32.7955	111.284
14	32.7034	111.279
15	32.6034	111.272
16	32.4665	111.266
17	32.3509	111.26
18	32.2747	111.256
19	32.2257	111.252
20	32.1254	111.249
21	31.993	111.244
22	31.8947	111.24
23	31.8813	111.239
24	31.7642	111.23
25	31.6632	111.222
26	31.6388	111.22
27	31.6034	111.217
28	31.2928	111.195
29	31.2813	111.194
30	30.9275	111.168
31	30.8615	111.171
32	30.8488	111.171
33	30.5811	111.17
34	30.0997	111.17
35	29.9809	111.17
36	29.8549	111.169
37	29.8431	111.169
38	29.8003	111.172
39	29.8009	111.156
40	29.8013	111.141
41	29.8064	110.997
42	29.8121	110.846
43	29.8129	110.819
44	29.8173	110.662
45	29.8205	110.557
46	29.8231	110.415
47	29.8235	110.39
48	29.8239	110.355
49	29.8291	110.258
50	29.8382	109.974
51	29.8402	109.884
52	29.8445	109.738
53	29.8511	109.546
54	29.8522	109.511
55	29.8525	109.498
56	29.853	109.485
57	29.8593	109.297
58	29.8627	109.217
59	29.8687	109.024
60	29.8709	108.953
61	29.8741	108.707
62	29.8722	108.661
63	29.8662	108.609
64	29.8618	108.53
65	29.8598	108.508
66	29.8555	108.456
67	29.8565	108.323
68	29.8692	108.303
69	29.8774	108.155
70	29.8811	108.026
71	29.8825	107.976
72	29.8841	107.792
73	29.8843	107.766
74	29.8854	107.658
75	29.8883	107.566
76	29.8854	107.658
77	29.8883	107.566
78	29.8926	107.493
79	29.894	107.418
80	29.8954	107.363
81	29.8905	107.315
82	29.8831	107.277
83	29.8681	107.235
84	29.8472	107.201
85	29.8274	107.178
86	29.8006	107.153
87	29.7657	107.133
88	29.7264	107.119
89	29.6857	107.11
90	29.5918	107.102
91	29.4129	107.09
92	29.3772	107.081
93	29.3488	107.071
94	29.3184	107.057
95	29.2903	107.037
96	29.27	107.018
97	29.2539	106.997
98	29.2376	106.971
99	29.2241	106.944
100	29.2131	106.914
101	29.2074	106.886
102	29.2053	106.846
103	29.2063	106.791
104	29.2045	106.622
105	29.2013	106.518
106	29.2015	106.422
107	29.2064	106.322
108	29.2115	106.167
109	29.2122	106.05
110	29.214	105.91
111	29.2138	105.728
112	29.2144	105.698
113	29.212	105.589
114	29.2157	105.273
115	29.2266	105.042
116	29.2503	104.66
117	29.2541	104.586
118	29.2579	104.532
119	29.2584	104.513
120	29.2563	104.438
121	29.2578	104.385
122	29.2558	104.345
123	29.2454	104.251
124	29.237	104.163
125	29.2266	104.06
126	29.2167	103.929
127	29.2109	103.815
128	29.2055	103.742
129	29.197	103.55
130	29.1837	103.361
131	29.1775	103.255
132	29.1582	103.056
133	29.1349	102.726
134	29.1271	102.622
135	29.1	102.329
136	29.0419	101.7
137	29.0225	101.437
138	29.0191	101.403
139	29.0027	101.216
140	28.995	101.128
141	28.993	101.096
142	28.9848	100.992
143	28.9823	100.959
144	28.9737	100.865
145	28.9662	100.654
146	28.9653	100.637
147	28.9627	100.447
148	28.9631	100.4
149	28.9634	100.254
150	28.9636	99.9777
151	28.9447	99.896
152	28.9453	99.6522
153	28.9406	99.5321
154	28.9348	99.3832
155	28.932	99.3611
156	28.9162	99.2937
157	28.9001	99.2491
158	28.875	99.209
159	28.8449	99.1745
160	28.8131	99.1467
161	28.7924	99.1308
162	28.7955	99.0168
163	28.8091	99.0101
164	28.8302	98.9975
165	28.8506	98.9816
166	28.8753	98.9524
167	28.8954	98.919
168	28.9074	98.8851
169	28.9199	98.8446
170	28.9304	98.7991
171	28.9382	98.7537
172	28.9391	98.694
173	28.9385	98.6706
174	28.9382	98.6316
175	28.927	98.4554
176	28.9241	98.4197
177	28.9232	98.4104
178	28.9223	98.4011
179	28.8908	98.1315
180	28.835	98.0616
181	28.716	98.0858
182	28.692	98.0867
183	28.61	98.1028
184	28.5074	98.1103
185	28.1389	98.1203
186	28.0405	98.1258
187	28.0097	98.1287
188	27.8152	98.1888
189	27.7088	98.2217
190	27.6906	98.2315
191	27.4306	98.5803
192	27.34	98.7092
193	27.2449	98.8144
194	27.1311	98.918
195	27.0872	98.9562
196	27.086	98.9671
197	27.0873	98.9751
198	27.0927	98.986
199	27.2187	98.9846
200	27.2738	98.984
201	27.3784	98.9798
202	27.4071	98.9769
203	27.5295	98.9779
204	27.621	98.9867
205	27.944	98.9825
206	27.9887	98.9843
207	28.0323	98.9861
208	28.412	99.0075
209	28.4658	99.0172
210	28.6124	99.0267
211	28.7244	99.0293
212	28.7737	99.0237
213	28.7794	99.041
214	28.7785	99.0935
215	28.7698	99.1163
216	28.7302	99.1017
217	28.7018	99.094
218	28.6176	99.0887
219	28.4996	99.0792
220	28.4016	99.0756
221	28.2735	99.0718
222	28.4789	99.5312
8	0	119
0	39.2325	108.304
1	39.1321	108.307
2	38.9153	108.307
3	38.7931	108.307
4	38.5674	108.307
5	38.4693	108.312
6	38.3512	108.31
7	38.1583	108.312
8	37.8822	108.315
9	37.8728	108.315
10	37.3194	108.317
11	37.0804	108.319
12	36.9371	108.322
13	36.7063	108.325
14	36.6973	108.332
15	36.6907	108.342
16	36.6844	108.456
17	36.6826	108.47
18	36.68	108.481
19	36.6715	108.502
20	36.6376	108.57
21	36.6265	108.601
22	36.6122	108.697
23	36.5788	108.902
24	36.5727	108.963
25	36.5663	109.039
26	36.5634	109.16
27	36.5596	109.305
28	36.5504	109.643
29	36.5399	109.935
30	36.5298	110.213
31	36.5217	110.504
32	36.5131	110.754
33	36.5092	110.924
34	36.5055	111.045
35	36.5045	111.076
36	36.4963	111.315
37	36.4861	111.621
38	36.483	111.753
39	36.4683	112.199
40	36.4628	112.438
41	36.4639	112.532
42	36.4645	112.65
43	36.4653	112.702
44	36.467	112.93
45	36.4608	112.986
46	36.4499	113.038
47	36.4305	113.08
48	36.4049	113.122
49	36.3618	113.17
50	36.3228	113.199
51	36.2798	113.222
52	36.2386	113.233
53	36.1944	113.239
54	36.1501	113.24
55	36.0848	113.236
56	36.0133	113.232
57	35.5228	113.211
58	35.4322	113.206
59	35.3151	113.202
60	35.3067	113.201
61	35.2276	113.197
62	34.8472	113.179
63	34.5681	113.165
64	34.2847	113.157
65	34.0518	113.156
66	33.943	113.156
67	33.6413	113.151
68	33.4254	113.149
69	33.1206	113.147
70	32.8791	113.145
71	32.7775	113.142
72	32.701	113.14
73	32.2769	113.138
74	32.0592	113.135
75	31.8337	113.134
76	31.6675	113.133
77	31.6028	113.131
78	31.5273	113.129
79	31.4532	113.127
80	31.3612	113.121
81	31.242	113.114
82	31.1855	113.109
83	31.1347	113.099
84	31.0804	113.083
85	31.0349	113.065
86	30.9854	113.043
87	30.9539	113.027
88	30.9163	113.008
89	30.8474	112.97
90	30.7373	112.904
91	30.6377	112.848
92	30.6054	112.831
93	30.5569	112.811
94	30.4836	112.783
95	30.1483	112.655
96	30.0941	112.636
97	29.994	112.595
98	29.888	112.555
99	29.8603	112.537
100	29.8261	112.51
101	29.8039	112.481
102	29.7863	112.444
103	29.7768	112.412
104	29.7619	112.357
105	29.7632	112.289
106	29.7651	112.228
107	29.7629	112.202
108	29.753	112.179
109	29.7436	112.164
110	29.7262	112.15
111	29.7077	112.14
112	29.6621	112.126
113	29.5464	112.111
114	29.4315	112.092
115	29.3311	112.069
116	29.2672	112.071
117	29.2426	112.064
118	29.229	112.191
9	0	43
0	35.7961	115.598
1	35.7204	115.595
2	35.6995	115.594
3	35.4118	115.584
4	35.2233	115.577
5	35.118	115.573
6	35.1052	115.572
7	34.8338	115.562
8	34.8338	115.562
9	34.8338	115.562
10	34.8058	115.546
11	34.756	115.545
12	34.4817	115.534
13	34.4434	115.533
14	33.9738	115.516
15	33.9258	115.516
16	33.618	115.502
17	33.5043	115.496
18	33.2299	115.486
19	33.0089	115.479
20	32.8686	115.473
21	32.6087	115.462
22	32.4328	115.457
23	32.1832	115.449
24	32.1427	115.448
25	32.1177	115.447
26	32.0858	115.446
27	32.0191	115.444
28	31.801	115.437
29	31.5048	115.429
30	31.3908	115.425
31	31.2907	115.434
32	31.156	115.431
33	31.0917	115.429
34	31.0409	115.428
35	31.0293	115.427
36	31.0327	115.372
37	31.0506	115.101
38	30.7709	115.091
39	30.6973	115.088
40	30.2611	115.071
41	30.2531	115.071
42	29.9233	115.058
10	0	151
0	35.2277	113.182
1	35.2889	113.185
2	35.3397	113.187
3	35.401	113.19
4	35.5235	113.197
5	36.0117	113.22
6	36.0407	113.219
7	36.0749	113.212
8	36.1166	113.211
9	36.1561	113.212
10	36.1824	113.213
11	36.2121	113.211
12	36.2402	113.205
13	36.2695	113.195
14	36.3016	113.181
15	36.3257	113.17
16	36.3542	113.161
17	36.3798	113.158
18	36.405	113.157
19	36.4276	113.163
20	36.4519	113.171
21	36.4725	113.179
22	36.4919	113.186
23	36.5099	113.191
24	36.5492	113.191
25	37.2859	113.201
26	37.3251	113.202
27	37.3764	113.209
28	37.4181	113.221
29	37.4628	113.245
30	37.4976	113.268
31	37.5454	113.314
32	37.6796	113.49
33	38.0136	113.913
34	38.0896	114.016
35	38.1221	114.033
36	38.1432	114.04
37	38.1625	114.043
38	38.2993	114.055
39	38.3195	114.055
40	38.3347	114.055
41	38.3452	114.052
42	38.3602	114.043
43	38.3994	114.006
44	38.441	113.966
45	38.5241	113.889
46	38.594	113.825
47	38.65	113.773
48	38.7092	113.715
49	38.7356	113.684
50	38.7607	113.643
51	38.7961	113.571
52	38.8082	113.537
53	38.82	113.495
54	38.8233	113.477
55	38.8301	113.354
56	38.8304	113.222
57	38.8305	113.185
58	38.8306	113.175
59	38.8271	113.076
60	38.8265	113.057
61	38.826	113.044
62	38.8258	113.032
63	38.8256	113.023
64	38.8253	113.005
65	38.8247	112.94
66	38.8244	112.917
67	38.8223	112.679
68	38.8232	112.627
69	38.8237	112.598
70	38.8249	112.536
71	38.825	112.517
72	38.8281	112.255
73	38.8281	112.24
74	38.8281	112.228
75	38.828	112.21
76	38.8263	111.984
77	38.8264	111.961
78	38.8265	111.95
79	38.8267	111.927
80	38.8268	111.907
81	38.8261	111.832
82	38.8263	111.683
83	38.826	111.661
84	38.8263	111.484
85	38.8256	111.407
86	38.8248	111.347
87	38.8249	111.334
88	38.8247	111.318
89	38.826	111.231
90	38.8229	110.833
91	38.8212	110.722
92	38.8197	110.572
93	38.8199	110.503
94	38.8177	110.094
95	38.8176	110.075
96	38.8188	110.02
97	38.8184	109.982
98	38.8184	109.951
99	38.8175	109.792
100	38.8167	109.643
101	38.8167	109.629
102	38.8166	109.616
103	38.8165	109.608
104	38.8166	109.594
105	38.8278	109.588
106	38.8622	109.571
107	38.8758	109.565
108	39.02	109.493
109	39.1581	109.425
110	39.411	109.3
111	39.4559	109.282
112	39.4965	109.27
113	39.5181	109.264
114	39.5243	109.262
115	39.5349	109.259
116	39.7269	109.203
117	39.7744	109.194
118	39.8434	109.184
119	40.2362	109.154
120	40.2448	109.154
121	40.5486	109.14
122	40.634	109.136
123	40.8033	109.138
124	40.819	109.138
125	40.8314	109.138
126	41.0389	109.139
127	41.1166	109.143
128	41.1855	109.143
129	41.1989	109.143
130	41.2203	109.123
131	41.2895	109.124
132	41.3077	109.143
133	41.3166	109.143
134	41.4377	109.149
135	41.4639	109.15
136	41.5303	109.151
137	41.5418	109.151
138	41.5959	109.152
139	41.7699	109.161
140	42.3731	109.183
141	42.6537	109.193
142	42.6778	109.194
143	42.6928	109.195
144	42.8071	109.199
145	42.8751	109.209
146	42.9392	109.211
147	43.0074	109.213
148	43.0448	109.21
149	43.138	109.22
150	43.691	109.278
11	0	115
0	22.8835	108.17
1	23.4498	108.172
2	23.6489	108.172
3	23.66	108.172
4	23.8608	108.172
5	24.4581	108.171
6	24.6344	108.171
7	24.6544	108.171
8	24.6544	108.196
9	25.2491	108.195
10	25.4335	108.194
11	25.5798	108.191
12	25.6034	108.191
13	25.6785	108.192
14	25.7774	108.191
15	25.8236	108.19
16	26.0621	108.191
17	26.1021	108.191
18	26.2096	108.19
19	26.278	108.192
20	26.3547	108.193
21	26.4957	108.192
22	26.8574	108.186
23	26.8688	108.186
24	26.8798	108.186
25	26.894	108.186
26	27.143	108.182
27	27.1836	108.181
28	27.5276	108.176
29	27.5357	108.176
30	27.6342	108.176
31	27.7023	108.162
32	27.7708	108.162
33	27.7961	108.162
34	27.8319	108.162
35	27.8671	108.162
36	27.9325	108.163
37	27.9908	108.15
38	27.9905	108.003
39	27.9909	107.944
40	27.9982	107.894
41	28.0121	107.831
42	28.0377	107.778
43	28.0677	107.729
44	28.0903	107.701
45	28.1163	107.677
46	28.1333	107.664
47	28.1695	107.64
48	28.204	107.628
49	28.239	107.616
50	28.2865	107.609
51	28.5011	107.604
52	28.6741	107.6
53	28.6833	107.6
54	28.6943	107.599
55	28.7631	107.591
56	28.815	107.575
57	28.8656	107.547
58	28.9036	107.519
59	28.9739	107.462
60	28.9868	107.453
61	29.0595	107.407
62	29.121	107.381
63	29.1865	107.322
64	29.2304	107.372
65	29.2663	107.41
66	29.2898	107.424
67	29.3194	107.431
68	29.5566	107.444
69	29.8622	107.465
70	29.8694	107.46
71	29.962	107.459
72	29.9693	107.465
73	29.9643	107.476
74	29.9516	107.535
75	29.9394	107.597
76	29.9205	107.7
77	29.9158	107.735
78	29.9149	107.822
79	29.9152	107.858
80	29.9173	107.89
81	29.9424	107.965
82	29.943	107.974
83	29.9366	107.983
84	29.9306	107.989
85	29.9237	107.994
86	29.9147	107.999
87	29.9073	108.004
88	29.9001	108.01
89	29.8888	108.025
90	29.8858	108.155
91	29.8784	108.303
92	29.8777	108.336
93	29.8807	108.461
94	29.887	108.552
95	29.8933	108.608
96	29.8984	108.699
97	29.8982	108.825
98	29.8886	109.202
99	29.8736	109.658
100	29.8679	109.807
101	29.8669	109.866
102	29.8611	110.12
103	29.8536	110.354
104	29.8529	110.385
105	29.8507	110.469
106	29.84	110.772
107	29.8501	110.895
108	29.8467	111.001
109	29.8439	111.14
110	29.8434	111.153
111	29.8431	111.169
112	29.8427	111.185
113	29.8407	111.234
114	29.8356	111.369
12	0	138
0	26.8753	106.353
1	26.8759	106.28
2	26.8718	106.258
3	26.8717	106.245
4	26.8717	106.239
5	26.8717	106.207
6	26.8683	106.05
7	26.7488	105.981
8	26.7407	105.976
9	26.6875	105.941
10	26.679	105.936
11	26.6148	105.893
12	26.6116	105.891
13	26.6022	105.885
14	26.5816	105.871
15	26.5591	105.857
16	26.5454	105.848
17	26.5207	105.833
18	26.4667	105.804
19	26.3727	105.755
20	26.0611	105.568
21	26.0481	105.568
22	25.996	105.54
23	25.9147	105.487
24	25.8701	105.459
25	25.8573	105.447
26	25.8461	105.435
27	25.8306	105.423
28	25.7652	105.384
29	25.6843	105.332
30	25.5501	105.245
31	25.4805	105.203
32	25.3985	105.157
33	25.3016	105.11
34	25.2207	105.078
35	25.1593	105.054
36	25.0845	105.029
37	24.9983	105.003
38	24.9325	104.985
39	24.8785	104.971
40	24.8585	104.968
41	24.7581	104.953
42	24.7339	104.947
43	24.6522	104.915
44	24.6394	104.908
45	24.2171	104.794
46	24.1576	104.762
47	23.8195	104.671
48	23.7072	104.635
49	23.6171	104.6
50	23.5363	104.564
51	23.4158	104.503
52	23.3053	104.434
53	23.1083	104.301
54	22.992	104.224
55	22.8632	104.136
56	22.6362	103.981
57	22.4281	103.839
58	22.0698	103.595
59	22.0186	103.56
60	21.9137	103.489
61	21.7276	103.377
62	21.3045	103.143
63	21.1426	103.052
64	21.1284	103.044
65	20.8937	102.911
66	20.5904	102.739
67	20.2126	102.526
68	20.0849	102.445
69	20.0306	102.407
70	19.9732	102.355
71	19.9177	102.289
72	19.884	102.238
73	19.8531	102.178
74	19.8265	102.119
75	19.815	102.084
76	19.7871	101.941
77	19.7796	101.903
78	19.7523	101.77
79	19.736	101.693
80	19.7284	101.667
81	19.7184	101.644
82	19.7011	101.612
83	19.6857	101.588
84	19.6681	101.565
85	19.6472	101.543
86	19.622	101.522
87	19.4582	101.407
88	19.2016	101.218
89	19.019	101.076
90	18.9782	101.044
91	18.9327	101.009
92	18.7491	100.865
93	18.7045	100.835
94	18.6223	100.786
95	18.5847	100.77
96	18.5437	100.755
97	18.4983	100.741
98	18.4506	100.727
99	17.811	100.567
100	17.7276	100.542
101	17.6887	100.525
102	17.6453	100.501
103	17.5976	100.472
104	17.5468	100.455
105	17.5277	100.451
106	17.5077	100.449
107	17.4688	100.458
108	17.4405	100.469
109	17.4119	100.489
110	17.3536	100.534
111	17.3578	100.551
112	17.3561	100.574
113	17.3462	100.596
114	17.3284	100.612
115	17.3057	100.619
116	17.286	100.617
117	17.2735	100.611
118	17.2627	100.603
119	17.2341	100.586
120	16.9515	100.34
121	16.9369	100.328
122	16.9423	100.321
123	16.9437	100.316
124	16.9438	100.301
125	16.9417	100.287
126	16.9361	100.272
127	16.8525	100.188
128	16.4739	99.7943
129	16.441	99.7378
130	16.4766	99.6396
131	16.4818	99.6135
132	16.4766	99.5769
133	16.4345	99.432
134	16.3843	99.2596
135	16.3728	99.2098
136	16.3657	99.1797
137	16.3627	99.1459
13	0	71
0	28.5151	111.752
1	28.4122	111.729
2	28.352	111.718
3	28.352	111.718
4	28.3267	111.713
5	27.9147	111.632
6	27.8998	111.629
7	27.8844	111.626
8	27.6466	111.582
9	27.547	111.554
10	27.4036	111.476
11	27.3641	111.465
12	27.305	111.463
13	27.2775	111.462
14	27.2754	111.666
15	27.2753	111.676
16	27.275	111.708
17	27.2626	111.758
18	27.2609	111.908
19	27.2608	111.918
20	27.2596	111.95
21	27.2592	111.96
22	27.2446	112.102
23	27.2446	112.146
24	27.2411	112.186
25	27.2337	112.268
26	27.2323	112.291
27	27.231	112.304
28	27.2068	112.545
29	27.1909	112.705
30	27.1743	112.861
31	27.1732	112.871
32	27.1561	113.056
33	27.1538	113.081
34	27.1518	113.102
35	27.1194	113.452
36	27.1187	113.459
37	27.1182	113.466
38	27.1099	113.581
39	27.1083	113.603
40	27.1074	113.615
41	27.1001	113.715
42	27.0572	114.082
43	27.0562	114.09
44	27.0389	114.308
45	27.0292	114.36
46	26.993	114.782
47	26.9844	114.856
48	26.9752	114.919
49	26.9669	114.967
50	26.9618	115.001
51	26.956	115.035
52	26.9375	115.114
53	26.9129	115.199
54	26.8899	115.279
55	26.9033	115.282
56	26.9608	115.291
57	27.0798	115.298
58	27.1042	115.299
59	27.2057	115.302
60	27.2616	115.304
61	27.5124	115.316
62	27.5638	115.318
63	27.7299	115.332
64	27.9732	115.34
65	27.9791	115.253
66	28.0041	114.887
67	27.806	114.856
68	27.701	114.838
69	27.7261	114.544
70	27.7605	114.213
14	0	121
0	31.0293	115.427
1	31.0327	115.372
2	31.0506	115.101
3	31.0797	114.684
4	31.1104	114.228
5	31.111	114.22
6	31.1118	114.208
7	31.1123	114.2
8	31.1311	113.92
9	31.1369	113.833
10	31.153	113.592
11	31.1579	113.518
12	31.1671	113.379
13	31.1763	113.241
14	31.1806	113.177
15	31.1832	113.141
16	31.1851	113.121
17	31.1968	113.072
18	31.2096	113.021
19	31.2143	112.975
20	31.2177	112.926
21	31.2181	112.902
22	31.2182	112.894
23	31.2161	112.883
24	31.2167	112.868
25	31.2173	112.85
26	31.2207	112.84
27	31.2209	112.822
28	31.2209	112.817
29	31.2207	112.753
30	31.2228	112.626
31	31.2247	112.572
32	31.2289	112.506
33	31.2314	112.466
34	31.2318	112.429
35	31.2321	112.426
36	31.2329	112.416
37	31.2388	112.348
38	31.2395	112.336
39	31.2418	112.306
40	31.2449	112.272
41	31.2472	112.248
42	31.2548	112.146
43	31.2625	112.04
44	31.2627	111.983
45	31.2629	111.958
46	31.2632	111.918
47	31.2635	111.877
48	31.2636	111.869
49	31.2641	111.837
50	31.2644	111.78
51	31.2649	111.761
52	31.268	111.647
53	31.2704	111.575
54	31.2708	111.563
55	31.2709	111.554
56	31.271	111.551
57	31.2719	111.516
58	31.2724	111.502
59	31.2729	111.487
60	31.274	111.454
61	31.2769	111.351
62	31.2781	111.322
63	31.2786	111.303
64	31.2813	111.194
65	31.2816	111.181
66	31.2839	111.121
67	31.2874	111.039
68	31.2884	111.017
69	31.2906	110.974
70	31.2915	110.953
71	31.2934	110.911
72	31.2948	110.879
73	31.2951	110.869
74	31.2988	110.786
75	31.3017	110.7
76	31.3028	110.664
77	31.3036	110.635
78	31.3042	110.613
79	31.3055	110.576
80	31.31	110.444
81	31.3108	110.418
82	31.3118	110.388
83	31.3127	110.359
84	31.3191	110.154
85	31.3237	110.028
86	31.3255	109.977
87	31.3263	109.948
88	31.3286	109.858
89	31.3289	109.836
90	31.3294	109.804
91	31.3296	109.783
92	31.3304	109.759
93	31.3344	109.624
94	31.3348	109.611
95	31.3355	109.582
96	31.3357	109.574
97	31.3358	109.569
98	31.3369	109.525
99	31.3389	109.463
100	31.3393	109.447
101	31.3394	109.444
102	31.3416	109.356
103	31.3441	109.269
104	31.3443	109.261
105	31.3464	109.164
106	31.347	109.14
107	31.3476	109.116
108	31.3496	109.053
109	31.3647	109.052
110	31.4865	109.047
111	31.683	109.033
112	31.6874	108.874
113	31.6905	108.766
114	31.8448	108.761
115	31.9511	108.757
116	31.9734	108.756
117	32.0338	108.757
118	32.0434	108.622
119	32.1176	108.192
120	32.1186	108.153
15	0	131
0	33.8938	102.143
1	33.9494	102.143
2	33.9736	102.139
3	34.0455	102.14
4	34.1032	102.142
5	34.1559	102.143
6	34.3653	102.143
7	34.6194	102.144
8	34.7265	102.145
9	34.7854	102.145
10	34.8013	102.146
11	34.8529	102.146
12	35.1381	102.148
13	35.2367	102.149
14	35.2689	102.154
15	35.3422	102.16
16	35.4109	102.173
17	35.4424	102.18
18	35.4549	102.183
19	35.4691	102.187
20	35.4661	102.251
21	35.4476	102.78
22	35.4372	103.18
23	35.4369	103.188
24	35.42	103.654
25	35.4287	103.694
26	35.4341	103.706
27	35.441	103.714
28	35.4667	103.745
29	35.473	103.754
30	35.4774	103.763
31	35.4789	103.775
32	35.4773	103.844
33	35.4769	103.86
34	35.5783	103.867
35	35.6797	103.871
36	35.8158	103.864
37	35.9839	103.852
38	36.4097	103.822
39	36.613	103.808
40	36.9393	103.781
41	37.0782	103.771
42	37.1026	103.771
43	37.1246	103.773
44	37.1472	103.777
45	37.1692	103.783
46	37.1987	103.797
47	37.2216	103.807
48	37.2464	103.824
49	37.2675	103.841
50	37.2859	103.859
51	37.3028	103.882
52	37.3179	103.905
53	37.3319	103.936
54	37.3429	103.969
55	37.3495	103.992
56	37.3547	104.019
57	37.3639	104.084
58	37.3713	104.134
59	37.3784	104.185
60	37.3867	104.232
61	37.3945	104.274
62	37.4029	104.312
63	37.4115	104.347
64	37.4209	104.382
65	37.4313	104.412
66	37.4395	104.44
67	37.4486	104.47
68	37.4866	104.576
69	37.509	104.633
70	37.5207	104.668
71	37.5287	104.703
72	37.5344	104.733
73	37.537	104.766
74	37.5363	104.792
75	37.5336	104.827
76	37.5274	104.878
77	37.5043	105.046
78	37.4843	105.181
79	37.4687	105.309
80	37.4565	105.465
81	37.4442	105.602
82	37.4327	105.706
83	37.4262	105.792
84	37.3837	106.242
85	37.3666	106.422
86	37.3583	106.499
87	37.3548	106.543
88	37.3491	106.69
89	37.3427	106.964
90	37.3411	106.984
91	37.3372	107.01
92	37.3302	107.035
93	37.32	107.056
94	37.305	107.082
95	37.2838	107.107
96	37.2556	107.134
97	37.2238	107.153
98	37.1983	107.163
99	37.1706	107.173
100	37.0417	107.211
101	36.879	107.261
102	36.8248	107.277
103	36.8017	107.288
104	36.7767	107.306
105	36.7434	107.339
106	36.7208	107.372
107	36.7033	107.412
108	36.6962	107.436
109	36.6919	107.473
110	36.6929	107.5
111	36.6976	107.546
112	36.6973	107.585
113	36.6953	107.639
114	36.6926	107.675
115	36.6849	107.738
116	36.6737	107.824
117	36.6716	107.84
118	36.6701	107.852
119	36.6515	107.995
120	36.6484	108.02
121	36.6403	108.184
122	36.6395	108.314
123	36.6339	108.454
124	36.6297	108.563
125	36.6265	108.601
126	36.6122	108.697
127	36.5788	108.902
128	36.5727	108.963
129	36.5663	109.039
130	36.5634	109.16
16	0	300
0	52.055	124.883
1	52.0833	124.631
2	52.0949	124.522
3	52.0976	124.469
4	52.0955	124.432
5	52.089	124.398
6	52.0765	124.357
7	52.0229	124.23
8	51.954	124.058
9	51.9098	123.962
10	51.8482	123.8
11	51.7873	123.62
12	51.6577	123.307
13	51.5949	123.186
14	51.5556	123.111
15	51.5194	123.062
16	51.486	123.027
17	51.4498	123.001
18	51.4147	122.98
19	51.3821	122.966
20	51.3432	122.955
21	51.2946	122.948
22	51.2482	122.943
23	51.1948	122.954
24	51.1505	122.972
25	51.1017	122.996
26	50.9704	123.081
27	50.8764	123.152
28	50.7473	123.258
29	50.6021	123.364
30	50.4636	123.457
31	50.3218	123.519
32	50.1475	123.555
33	49.9442	123.564
34	49.7988	123.544
35	49.6457	123.507
36	49.4801	123.47
37	49.2546	123.42
38	49.1321	123.396
39	48.9395	123.38
40	48.8697	123.39
41	48.8034	123.401
42	48.7525	123.422
43	48.706	123.448
44	48.6685	123.475
45	48.6463	123.497
46	48.5748	123.565
47	48.5407	123.6
48	48.5106	123.621
49	48.4731	123.64
50	48.4383	123.652
51	48.3909	123.656
52	48.3487	123.651
53	48.304	123.636
54	48.2618	123.612
55	47.8224	123.292
56	47.6538	123.164
57	47.5188	123.069
58	47.4256	123.009
59	47.407	122.997
60	47.1982	122.879
61	47.179	122.87
62	46.9786	122.779
63	46.6931	122.655
64	46.6666	122.644
65	46.4902	122.569
66	46.0803	122.373
67	44.5225	121.596
68	44.5009	121.585
69	44.1855	121.43
70	44.0696	121.365
71	43.9521	121.292
72	43.8312	121.203
73	43.7438	121.132
74	43.7068	121.098
75	43.6677	121.059
76	43.6235	121.012
77	43.5919	120.979
78	43.5448	120.927
79	43.5069	120.88
80	43.3513	120.689
81	43.3316	120.662
82	42.7558	119.939
83	42.7219	119.895
84	42.5684	119.698
85	42.5061	119.62
86	42.4916	119.603
87	42.4286	119.556
88	42.3575	119.495
89	42.2924	119.469
90	42.2582	119.464
91	42.2227	119.465
92	42.1939	119.469
93	42.0825	119.502
94	42.0011	119.527
95	41.9279	119.55
96	41.9007	119.56
97	41.8669	119.576
98	41.8324	119.603
99	41.7869	119.657
100	41.7593	119.679
101	40.8594	120.838
102	40.7822	120.888
103	40.7016	120.929
104	40.6348	120.966
105	40.5503	120.995
106	40.4491	121.029
107	40.3463	121.051
108	40.2986	121.056
109	40.1991	121.059
110	39.9695	121.061
111	39.7719	121.062
112	39.5908	121.061
113	39.3601	121.061
114	39.2874	121.06
115	38.9243	121.06
116	38.8173	121.063
117	38.7586	121.068
118	38.6962	121.076
119	38.6363	121.082
120	38.5854	121.095
121	38.5406	121.109
122	38.4167	121.155
123	38.2899	121.207
124	38.1545	121.264
125	38.1198	121.279
126	37.9181	121.361
127	37.8175	121.401
128	37.9181	121.361
129	37.8175	121.401
130	37.6587	121.47
131	37.4808	121.542
132	37.41	121.578
133	37.2721	121.635
134	37.0265	121.732
135	36.8119	121.813
136	36.7181	121.83
137	36.6506	121.851
138	36.5444	121.867
139	36.5208	121.87
140	36.3072	121.878
141	35.5725	121.896
142	35.2863	121.9
143	35.021	121.904
144	34.9951	121.905
145	34.5881	121.911
146	34.4771	121.914
147	34.3707	121.915
148	34.2703	121.916
149	33.9912	121.918
150	33.4795	121.939
151	33.3464	121.94
152	32.9164	121.948
153	32.855	121.947
154	32.7915	121.947
155	32.431	121.952
156	32.2392	121.952
157	32.0372	121.957
158	31.817	121.961
159	31.6527	121.965
160	31.1859	121.974
161	30.9624	121.977
162	30.2078	121.991
163	30.0881	121.993
164	29.9267	121.999
165	29.8725	121.999
166	29.579	122.006
167	29.4376	122.006
168	29.0875	122.01
169	28.8912	122.013
170	28.7746	122.015
171	28.4208	122.02
172	28.3	122.02
173	28.2232	122.018
174	28.0804	121.996
175	27.8784	121.919
176	27.571	121.783
177	27.3324	121.678
178	27.1479	121.605
179	26.943	121.544
180	26.7434	121.492
181	26.6411	121.469
182	26.4867	121.435
183	26.3756	121.413
184	26.113	121.362
185	26.0598	121.352
186	25.8306	121.303
187	25.6991	121.269
188	25.5388	121.216
189	25.3983	121.163
190	25.1485	121.072
191	25.0243	121.033
192	24.9283	121.012
193	24.8485	120.996
194	24.7649	120.983
195	24.6053	120.971
196	24.5094	120.96
197	24.4104	120.949
198	24.3853	120.95
199	24.3608	120.956
200	24.3423	120.967
201	24.3259	120.982
202	24.3157	120.995
203	24.2913	121.031
204	24.2762	121.047
205	24.2584	121.062
206	24.2389	121.072
207	24.2187	121.079
208	24.1964	121.081
209	24.1745	121.081
210	24.033	121.058
211	24.0168	121.056
212	24.0014	121.058
213	23.9892	121.066
214	23.9797	121.076
215	23.9627	121.114
216	23.953	121.148
217	23.9396	121.186
218	23.9058	121.26
219	23.8803	121.306
220	23.8575	121.344
221	23.752	121.509
222	23.6432	121.685
223	23.5832	121.784
224	23.5757	121.795
225	23.4254	122.032
226	23.2886	122.252
227	23.1398	122.494
228	23.054	122.633
229	23.0493	122.64
230	22.7575	123.111
231	22.7487	123.128
232	22.6559	123.308
233	22.622	123.363
234	22.3051	123.798
235	21.6437	124.503
236	21.5823	124.572
237	21.5524	124.621
238	21.526	124.687
239	21.5021	124.924
240	21.5004	124.941
241	21.4845	125.098
242	21.4774	125.154
243	21.4678	125.206
244	21.4619	125.237
245	21.4578	125.249
246	21.4502	125.27
247	21.4243	125.334
248	21.3941	125.393
249	21.3612	125.446
250	21.3319	125.494
251	21.2898	125.551
252	21.0891	125.829
253	21.0842	125.836
254	21.0359	125.911
255	21.0065	125.961
256	20.9773	126.028
257	20.8244	126.629
258	20.762	126.873
259	20.7372	126.945
260	20.6715	127.119
261	20.5849	127.349
262	20.5166	127.539
263	20.318	128.006
264	20.3109	128.023
265	20.3011	128.048
266	20.286	128.041
267	20.2557	128.028
268	20.2328	128.018
269	20.1053	127.964
270	19.7864	127.829
271	19.697	127.792
272	19.6606	127.776
273	19.6494	127.771
274	19.6132	127.757
275	19.5232	127.72
276	19.3204	127.634
277	19.2956	127.624
278	19.195	127.594
279	19.1831	127.591
280	19.1388	127.582
281	19.0816	127.572
282	18.2708	127.424
283	18.1549	127.403
284	18.1483	127.402
285	18.0219	127.392
286	17.9737	127.393
287	17.8136	127.399
288	17.5226	127.414
289	17.3669	127.418
290	17.127	127.419
291	16.9578	127.419
292	16.918	127.419
293	15.8756	127.416
294	15.7621	127.415
295	15.7252	127.415
296	15.5061	127.415
297	15.392	127.414
298	15.3757	127.414
299	14.6833	127.416
