23
0	0	104
0	44.3617	123.402
1	44.6552	123.423
2	44.1239	122.324
3	44.0698	122.209
4	44.0251	122.12
5	43.979	122.026
6	43.907	121.879
7	43.7795	121.611
8	43.5394	121.113
9	43.5098	121.063
10	43.4823	121.021
11	43.4495	120.974
12	43.2493	120.726
13	43.2253	120.708
14	43.1722	120.641
15	43.169	120.623
16	42.8213	120.19
17	42.7124	120.062
18	42.691	120.055
19	42.6347	119.989
20	42.6346	119.97
21	42.6255	119.96
22	42.5726	119.902
23	42.3925	119.689
24	41.9508	119.129
25	41.7427	118.82
26	41.7147	118.777
27	41.5391	118.514
28	41.0965	117.949
29	41.0883	117.938
30	40.7011	117.45
31	40.6563	117.4
32	40.6479	117.39
33	40.6361	117.377
34	40.627	117.366
35	40.2509	116.886
36	40.2455	116.88
37	40.1753	116.792
38	40.1484	116.758
39	40.1299	116.735
40	40.0785	116.669
41	39.9888	116.556
42	39.8376	116.359
43	39.812	116.329
44	39.6847	116.167
45	39.4944	115.932
46	39.3996	115.815
47	39.2541	115.63
48	39.213	115.578
49	39.1588	115.504
50	39.1221	115.46
51	38.9412	115.227
52	38.7117	114.938
53	38.6425	114.851
54	38.4729	114.638
55	38.3828	114.534
56	38.3219	114.488
57	38.2415	114.432
58	38.2074	114.4
59	38.0383	114.183
60	38.017	114.174
61	38.0072	114.175
62	37.998	114.179
63	37.9923	114.186
64	37.9906	114.195
65	37.9923	114.207
66	38.0699	114.304
67	38.0796	114.306
68	38.0908	114.305
69	38.0965	114.3
70	38.1495	114.252
71	38.1883	114.218
72	38.2689	114.148
73	38.2998	114.119
74	38.2998	114.119
75	38.319	114.099
76	38.5071	113.929
77	38.7266	113.721
78	38.7547	113.686
79	38.7804	113.645
80	38.7985	113.611
81	38.8213	113.554
82	38.8374	113.489
83	38.8474	113.407
84	38.8482	113.326
85	38.8474	112.846
86	38.846	112.58
87	38.8459	112.563
88	38.8459	112.56
89	38.8467	112.283
90	38.8463	112.184
91	38.8451	111.844
92	38.8447	111.758
93	38.8263	111.683
94	38.826	111.661
95	38.8263	111.484
96	38.8256	111.407
97	38.8248	111.347
98	38.8249	111.334
99	38.619	111.334
100	38.561	111.331
101	38.4554	111.332
102	38.3082	111.333
103	38.3083	111.316
1	0	188
0	35.6881	116.055
1	35.6903	115.968
2	35.6995	115.594
3	35.6968	115.548
4	35.7119	114.872
5	35.7153	114.717
6	35.7188	114.383
7	35.7211	114.135
8	35.728	113.757
9	35.7371	113.306
10	35.7372	113.301
11	35.7381	113.25
12	35.7391	113.234
13	35.7449	113.194
14	35.7475	113.097
15	35.7475	113.097
16	35.7486	113.055
17	35.7516	112.939
18	35.754	112.847
19	35.7555	112.793
20	35.7595	112.642
21	35.8607	112.634
22	36.0377	112.626
23	36.3233	112.619
24	36.4355	112.62
25	36.437	112.549
26	36.4349	112.463
27	36.4371	112.431
28	36.4408	112.376
29	36.4441	112.2
30	36.4524	112.017
31	36.4518	111.929
32	36.4522	111.797
33	36.4538	111.659
34	36.4606	111.605
35	36.4761	111.554
36	36.4791	111.492
37	36.4827	111.323
38	36.4882	111.075
39	36.4938	110.93
40	36.4949	110.824
41	36.4985	110.73
42	36.5119	110.374
43	36.5162	110.213
44	36.525	109.836
45	36.5281	109.706
46	36.5402	109.394
47	36.5477	109.202
48	36.5508	109.151
49	36.5578	109.037
50	36.5608	108.961
51	36.5666	108.901
52	36.6028	108.689
53	36.6131	108.629
54	36.618	108.574
55	36.6211	108.453
56	36.6248	108.313
57	36.6266	108.183
58	36.6327	108.092
59	36.6375	108.018
60	36.646	107.942
61	36.6547	107.864
62	36.6722	107.735
63	36.6798	107.684
64	36.6805	107.643
65	36.6764	107.602
66	36.6711	107.554
67	36.6681	107.522
68	36.6627	107.487
69	36.6643	107.445
70	36.6763	107.401
71	36.7088	107.339
72	36.7237	107.318
73	36.7395	107.304
74	36.765	107.286
75	36.7924	107.27
76	36.8198	107.26
77	37.1579	107.158
78	37.1976	107.146
79	37.2223	107.137
80	37.2552	107.114
81	37.2807	107.088
82	37.3063	107.053
83	37.3189	107.023
84	37.3258	106.993
85	37.3299	106.963
86	37.3298	106.778
87	37.3318	106.693
88	37.3333	106.611
89	37.3369	106.542
90	37.3435	106.465
91	37.3565	106.313
92	37.3943	105.95
93	37.4199	105.668
94	37.4281	105.583
95	37.4432	105.417
96	37.4485	105.329
97	37.4583	105.244
98	37.4735	105.098
99	37.4755	105.081
100	37.504	104.892
101	37.5179	104.793
102	37.5135	104.729
103	37.4989	104.657
104	37.4557	104.548
105	37.402	104.36
106	37.3835	104.283
107	37.3625	104.174
108	37.3372	104.008
109	37.3294	103.976
110	37.3142	103.934
111	37.2968	103.9
112	37.2792	103.869
113	37.2573	103.845
114	37.2297	103.82
115	37.2084	103.806
116	37.1765	103.79
117	37.1339	103.78
118	37.0912	103.777
119	37.0328	103.78
120	36.9353	103.786
121	36.7174	103.802
122	36.2107	103.842
123	35.8316	103.873
124	35.713	103.877
125	35.5966	103.878
126	35.5109	103.871
127	35.4951	103.87
128	35.4592	103.868
129	35.4111	103.862
130	35.3401	103.859
131	35.208	103.847
132	35.1764	103.847
133	35.1326	103.848
134	35.0823	103.857
135	35.0381	103.878
136	34.9879	103.911
137	34.915	103.961
138	34.8704	103.977
139	34.8276	103.985
140	34.7938	103.987
141	34.7938	103.987
142	34.7577	103.986
143	34.6482	103.983
144	33.911	103.954
145	33.7686	103.942
146	33.5229	103.924
147	33.2707	103.91
148	33.2667	103.994
149	33.4567	104.005
150	33.4611	103.854
151	33.4746	103.806
152	33.5127	103.713
153	33.5237	103.655
154	33.5399	103.159
155	33.5203	103.158
156	33.5283	102.893
157	33.5342	102.7
158	33.5486	102.494
159	33.5509	102.36
160	33.5423	102.319
161	33.5233	102.284
162	33.4654	102.219
163	33.4346	102.204
164	33.4009	102.2
165	33.228	102.199
166	33.1759	102.189
167	33.1388	102.185
168	33.0921	102.184
169	32.8355	102.187
170	32.6815	102.189
171	32.6689	102.189
172	32.598	102.189
173	32.4644	102.189
174	32.4537	102.189
175	32.4543	102.145
176	32.4625	101.737
177	32.4628	101.693
178	32.4686	101.402
179	32.4665	101.335
180	32.4583	101.233
181	32.4194	100.752
182	32.4185	100.703
183	32.4363	100.373
184	32.4422	100.15
185	31.7704	100.151
186	31.5557	100.149
187	31.1245	100.144
2	0	119
1	31.3724	103.075
2	31.3843	103.185
3	31.4143	103.401
4	31.4142	103.413
5	31.4149	103.722
6	31.4149	103.762
7	31.4149	103.813
8	31.4149	103.813
9	31.4038	103.828
10	31.4084	104.292
11	31.4091	104.413
12	31.408	104.739
13	31.4114	105.079
14	31.4114	105.295
15	31.4141	105.987
16	31.4139	106.005
17	31.4136	106.023
18	31.3947	106.023
19	31.281	106.023
20	31.1221	106.022
21	30.8542	106.016
22	30.847	106.016
23	30.4834	106.032
24	30.4705	106.033
25	30.236	106.037
26	30.0639	106.039
27	29.9617	106.042
28	29.9437	106.042
29	29.9229	106.042
30	29.9102	106.043
31	29.7782	106.047
32	29.5083	106.053
33	29.3329	106.061
34	29.1574	106.062
35	29.0519	106.067
36	28.5163	106.09
37	27.9825	106.107
38	27.9785	106.107
39	27.8084	106.111
40	27.6545	106.117
41	27.4404	106.116
42	27.431	106.116
43	27.315	106.107
44	27.268	106.106
45	27.1886	106.102
46	27.1314	106.098
47	27.053	106.084
48	26.9935	106.069
49	26.941	106.052
50	26.8784	106.027
51	26.8672	106.022
52	26.8256	106.002
53	26.7632	105.967
54	26.5377	105.825
55	26.4687	105.79
56	26.3991	105.758
57	26.3402	105.723
58	26.0696	105.553
59	26.0226	105.524
60	25.8884	105.442
61	25.8401	105.412
62	25.5025	105.196
63	25.4149	105.147
64	25.3057	105.093
65	25.2015	105.051
66	25.0925	105.013
67	24.9943	104.985
68	24.9325	104.985
69	24.8639	104.966
70	24.7581	104.953
71	24.7339	104.947
72	24.7373	104.926
73	24.768	104.795
74	24.7429	104.786
75	24.6519	104.754
76	24.6395	104.75
77	24.208	104.583
78	24.0501	104.51
79	24.0108	104.49
80	24.0161	104.477
81	24.0181	104.465
82	24.0157	104.456
83	24.0108	104.451
84	24	104.446
85	23.994	104.445
86	23.986	104.447
87	23.9774	104.456
88	23.9713	104.471
89	23.6831	104.329
90	23.4776	104.202
91	23.3113	104.098
92	23.2999	104.136
93	23.2932	104.184
94	23.295	104.343
95	23.2888	104.386
96	23.2786	104.41
97	23.2618	104.432
98	23.2426	104.462
99	23.2231	104.507
100	23.1169	104.805
101	23.082	104.937
102	23.0775	104.954
103	23.0753	104.962
104	23.0156	104.969
105	22.9247	104.981
106	22.8929	104.986
107	22.5963	105.049
108	22.5498	105.056
109	22.5126	105.058
110	22.4758	105.059
111	22.4413	105.057
112	22.0559	105.026
113	22.0603	106.057
114	22.0602	106.067
115	22.0502	106.067
116	21.7423	106.069
117	21.4389	106.069
118	21.0666	106.068
3	0	62
0	30.6094	101.423
1	30.8611	101.42
2	31.1156	101.411
3	31.131	101.411
4	31.1437	101.41
5	31.1514	101.706
6	31.1553	101.853
7	31.1562	101.886
8	31.1664	102.342
9	31.1703	102.382
10	31.1785	102.429
11	31.2009	102.51
12	31.2907	102.763
13	31.308	102.805
14	31.326	102.866
15	31.3329	102.888
16	31.3472	102.977
17	31.3596	103.064
18	31.3615	103.077
19	31.3733	103.187
20	31.3987	103.401
21	31.3995	103.412
22	31.4029	103.72
23	31.4034	103.761
24	31.4036	103.811
25	31.4038	103.828
26	31.4084	104.292
27	31.4091	104.413
28	31.408	104.739
29	31.5259	104.748
30	31.6231	104.753
31	31.8065	104.76
32	31.9051	104.766
33	32.0561	104.772
34	32.042	104.9
35	32.0271	104.942
36	32.025	104.995
37	32.0207	105.036
38	32.0123	105.113
39	32.0179	105.212
40	32.0215	105.28
41	32.027	105.29
42	32.0618	105.304
43	32.1215	105.305
44	32.299	105.31
45	32.3082	105.31
46	32.3062	105.378
47	32.301	105.535
48	32.2969	105.641
49	32.2894	105.856
50	32.289	105.864
51	32.286	105.914
52	32.2814	106.015
53	32.2811	106.032
54	32.281	106.046
55	32.2809	106.063
56	32.2809	106.2
57	32.2786	106.311
58	32.2795	106.393
59	32.2821	106.477
60	32.2767	106.579
61	32.265	106.75
4	0	125
0	35.6881	116.055
1	35.6903	115.968
2	35.6995	115.594
3	35.118	115.573
4	35.1052	115.572
5	34.8338	115.562
6	34.7101	115.561
7	34.5482	115.559
8	34.4817	115.534
9	34.4434	115.533
10	33.9738	115.516
11	33.9258	115.516
12	33.5978	115.502
13	33.5043	115.496
14	33.2299	115.486
15	33.0089	115.479
16	32.8686	115.473
17	32.6087	115.462
18	32.4328	115.457
19	32.2051	115.45
20	32.1417	115.448
21	32.0191	115.444
22	31.801	115.437
23	31.5048	115.429
24	31.3908	115.425
25	31.3288	115.421
26	30.7483	115.396
27	30.6325	115.394
28	30.6022	115.394
29	30.3388	115.39
30	30.1726	115.388
31	29.9958	115.401
32	29.9065	115.402
33	29.8187	115.402
34	29.7706	115.403
35	29.5712	115.401
36	29.5413	115.401
37	29.5451	115.414
38	29.5493	115.428
39	29.5493	115.428
40	29.5665	115.485
41	29.5789	115.499
42	29.5898	115.501
43	29.6016	115.499
44	29.6066	115.493
45	29.618	115.238
46	29.5998	115.127
47	29.5899	115.087
48	29.5931	114.971
49	29.5945	114.922
50	29.6118	114.518
51	29.6145	114.481
52	29.6258	114.433
53	29.7086	114.24
54	29.7155	114.228
55	29.7324	114.187
56	29.7365	114.159
57	29.7383	114.125
58	29.739	114.054
59	29.7397	114.034
60	29.7402	114.005
61	29.7423	113.894
62	29.7427	113.874
63	29.7455	113.727
64	29.7481	113.648
65	29.7558	113.574
66	29.7654	113.525
67	29.7708	113.495
68	29.7759	113.471
69	29.7802	113.448
70	29.7992	113.371
71	29.8051	113.348
72	29.8243	113.251
73	29.8341	113.167
74	29.8396	112.978
75	29.84	112.93
76	29.8413	112.731
77	29.8417	112.709
78	29.8389	112.678
79	29.839	112.613
80	29.8366	112.581
81	29.8325	112.557
82	29.8196	112.521
83	29.7898	112.475
84	29.7725	112.438
85	29.7583	112.383
86	29.7506	112.361
87	29.7511	112.295
88	29.7523	112.256
89	29.7645	112.242
90	29.7663	112.198
91	29.7675	112.167
92	29.7703	112.095
93	29.7718	112.046
94	29.7614	112.039
95	29.7445	112.037
96	29.7149	112.068
97	29.7094	112.081
98	29.7113	112.089
99	29.7212	112.104
100	29.7531	112.108
101	29.8369	112.112
102	29.8871	112.112
103	29.9302	112.113
104	29.9497	112.115
105	29.9894	112.122
106	30.0429	112.126
107	30.0612	112.131
108	30.3622	112.134
109	30.517	112.134
110	30.5843	112.134
111	30.7198	112.137
112	30.8039	112.138
113	30.891	112.139
114	30.9064	112.14
115	31.0423	112.143
116	31.2548	112.146
117	31.2472	112.248
118	31.2943	112.256
119	31.3308	112.267
120	31.3667	112.287
121	31.3904	112.305
122	31.4114	112.324
123	31.4284	112.338
124	31.4597	112.357
5	0	70
0	32.4991	118.101
1	32.5101	117.864
2	32.5173	117.678
3	32.5326	117.146
4	32.5331	117.133
5	32.5454	117.14
6	32.7326	117.142
7	33.0028	117.152
8	33.018	117.153
9	33.039	116.568
10	33.0405	116.544
11	33.0574	116.498
12	33.0605	116.49
13	33.0646	116.481
14	33.0699	116.467
15	33.0746	116.455
16	33.0771	116.448
17	33.0816	116.436
18	33.0836	116.396
19	33.0843	116.365
20	33.0977	116.012
21	33.1142	115.543
22	33.1149	115.512
23	33.1169	115.431
24	33.1176	115.408
25	33.127	115.074
26	33.1281	115.043
27	33.1351	114.84
28	33.1424	114.609
29	33.1484	114.428
30	33.1593	114.108
31	33.1728	113.702
32	33.182	113.441
33	33.1892	113.239
34	33.1909	113.178
35	33.1912	113.164
36	33.1812	113.164
37	33.0472	113.162
38	33.0482	113.119
39	33.0518	113.035
40	33.0521	113.019
41	33.0542	112.954
42	33.0567	112.871
43	33.0586	112.783
44	33.0611	112.697
45	33.0631	112.612
46	33.0666	112.538
47	33.068	112.473
48	33.0689	112.439
49	33.0707	112.364
50	33.0712	112.345
51	33.0716	112.331
52	33.076	112.152
53	33.1624	112.144
54	33.2355	112.088
55	33.2395	111.983
56	33.2437	111.873
57	33.2457	111.821
58	33.2478	111.766
59	33.2512	111.675
60	33.2519	111.657
61	33.2533	111.622
62	33.2577	111.507
63	33.2659	111.29
64	33.2664	111.278
65	33.2712	111.115
66	33.2761	110.951
67	33.2769	110.924
68	33.284	110.683
69	33.0555	110.681
6	0	123
0	35.0088	120.032
1	34.8061	119.988
2	34.2621	119.908
3	34.2459	119.904
4	34.2451	119.828
5	34.2449	119.812
6	34.2439	119.719
7	34.2421	119.552
8	34.2418	119.538
9	34.2346	119.093
10	34.2345	119.084
11	34.2327	118.891
12	34.229	118.635
13	34.2289	118.62
14	34.2223	118.304
15	34.2192	118.072
16	34.2184	118.047
17	34.2047	118.023
18	34.0695	117.874
19	34.0557	117.867
20	34.0378	117.866
21	33.9682	117.865
22	33.9286	117.855
23	33.827	117.853
24	33.3392	117.828
25	33.0422	117.813
26	32.6603	117.802
27	32.4425	117.804
28	32.3371	117.798
29	32.223	117.792
30	32.1212	117.777
31	31.9389	117.774
32	31.808	117.77
33	31.6781	117.766
34	31.2417	117.747
35	31.0439	117.739
36	30.9038	117.734
37	30.5561	117.719
38	30.064	117.699
39	29.9185	117.692
40	29.3763	117.665
41	29.1465	117.655
42	28.8806	117.646
43	28.6055	117.626
44	28.1962	117.603
45	27.9308	117.587
46	27.8585	117.583
47	27.3531	117.557
48	26.717	117.529
49	26.4886	117.523
50	26.416	117.519
51	26.1637	117.511
52	26.0321	117.506
53	25.9022	117.497
54	25.5842	117.487
55	25.5046	117.484
56	25.4195	117.48
57	25.2152	117.472
58	25.1506	117.468
59	25.0419	117.459
60	24.9929	117.452
61	24.9485	117.441
62	24.9078	117.432
63	24.8403	117.406
64	24.7818	117.383
65	24.7096	117.348
66	24.6261	117.299
67	24.5517	117.241
68	24.4237	117.113
69	24.3976	117.079
70	24.3086	116.96
71	24.0417	116.581
72	23.9567	116.474
73	23.8297	116.331
74	23.7016	116.218
75	23.665	116.189
76	23.5515	116.109
77	23.1944	115.875
78	23.1104	115.806
79	23.0383	115.727
80	23.0151	115.695
81	22.986	115.648
82	22.965	115.607
83	22.9425	115.559
84	22.9209	115.499
85	22.9036	115.429
86	22.897	115.371
87	22.895	115.296
88	22.8958	115.241
89	22.9345	114.786
90	22.9535	114.535
91	22.9766	114.266
92	22.9997	114.006
93	23.0046	113.915
94	23.0015	113.83
95	22.9962	113.751
96	22.984	113.652
97	22.9754	113.58
98	22.9576	113.408
99	22.921	113.057
100	22.8899	112.737
101	22.877	112.597
102	22.8617	112.388
103	22.8592	112.147
104	22.8622	111.936
105	22.8696	111.753
106	22.8743	111.692
107	22.8762	111.666
108	22.8915	111.465
109	22.8971	111.391
110	22.9007	111.345
111	22.9074	111.275
112	22.9107	111.233
113	22.9286	110.989
114	22.945	110.762
115	22.949	110.642
116	22.9499	110.578
117	22.952	110.511
118	22.9516	110.471
119	22.9434	109.957
120	22.943	109.939
121	22.9438	109.776
122	22.9374	109.611
7	0	130
0	37.093	113.135
1	37.0318	113.07
2	36.9921	113.034
3	36.9438	112.973
4	36.8598	112.853
5	36.8377	112.822
6	36.7945	112.75
7	36.7553	112.646
8	36.4796	112.645
9	36.4801	112.695
10	36.4921	112.768
11	36.4918	112.957
12	36.4946	113.016
13	36.4918	113.046
14	36.4663	113.101
15	36.4341	113.147
16	36.3979	113.175
17	36.373	113.187
18	36.3374	113.203
19	36.2798	113.222
20	36.2386	113.233
21	36.1944	113.239
22	36.1501	113.24
23	36.0848	113.236
24	36.0133	113.232
25	35.5228	113.211
26	35.4322	113.206
27	35.3114	113.201
28	35.2276	113.197
29	34.8472	113.179
30	34.5638	113.167
31	34.2803	113.16
32	34.0528	113.158
33	33.9436	113.158
34	33.6418	113.154
35	33.4238	113.151
36	33.1206	113.147
37	32.8794	113.146
38	32.7835	113.145
39	32.7089	113.145
40	32.276	113.14
41	32.008	113.138
42	31.8295	113.136
43	31.6633	113.135
44	31.5985	113.133
45	31.5231	113.131
46	31.449	113.129
47	31.3462	113.122
48	31.2271	113.114
49	31.1748	113.108
50	31.124	113.098
51	31.0697	113.082
52	31.0242	113.064
53	30.9597	113.034
54	30.9163	113.008
55	30.8608	112.977
56	30.7373	112.904
57	30.6369	112.849
58	30.6054	112.831
59	30.5569	112.811
60	30.4836	112.783
61	30.1636	112.662
62	30.0941	112.636
63	29.994	112.595
64	29.888	112.555
65	29.8603	112.537
66	29.8261	112.51
67	29.8039	112.481
68	29.7863	112.444
69	29.7768	112.412
70	29.7751	112.354
71	29.7787	112.268
72	29.7878	111.983
73	29.7899	111.914
74	29.7925	111.829
75	29.8007	111.577
76	29.8023	111.54
77	29.8039	111.503
78	29.8132	111.257
79	29.8164	111.072
80	29.8248	110.772
81	29.8306	110.605
82	29.8385	110.363
83	29.839	110.348
84	29.8418	110.251
85	29.8481	110.12
86	29.8494	109.992
87	29.8497	109.977
88	29.8631	109.657
89	29.8783	109.201
90	29.8862	108.825
91	29.89	108.698
92	29.8837	108.609
93	29.8788	108.558
94	29.8752	108.462
95	29.8708	108.335
96	29.8717	108.302
97	29.876	108.152
98	29.8797	108.022
99	29.8811	107.973
100	29.8841	107.792
101	29.8843	107.766
102	29.8841	107.707
103	29.8883	107.566
104	29.8926	107.493
105	29.894	107.418
106	29.8935	107.363
107	29.8882	107.315
108	29.8793	107.278
109	29.8641	107.237
110	29.8487	107.21
111	29.8253	107.181
112	29.7977	107.156
113	29.765	107.135
114	29.7264	107.119
115	29.6857	107.11
116	29.5918	107.102
117	29.4129	107.09
118	29.1053	107.063
119	29.0551	107.051
120	29.0155	107.05
121	28.9551	107.044
122	28.794	107.033
123	28.5698	107.018
124	28.3025	106.998
125	28.1751	106.99
126	27.9016	106.971
127	27.8197	106.967
128	27.7482	106.963
129	27.449	106.964
8	0	56
0	41.2171	94.9275
1	41.061	95.2033
2	40.8971	95.4936
3	41.3271	95.581
4	41.7315	95.8321
5	42.0603	96.0475
6	42.07	96.0538
7	42.0879	96.0637
8	42.1005	96.0713
9	41.872	96.4691
10	41.8603	96.488
11	41.7791	96.6265
12	41.6459	96.8642
13	41.5434	97.0547
14	41.5412	97.1413
15	41.5727	97.2011
16	41.6825	97.265
17	42.0338	97.45
18	42.1127	97.4873
19	42.1791	97.5188
20	42.4818	97.6796
21	42.6072	97.7411
22	42.6686	97.7717
23	42.7479	97.8143
24	42.7801	97.831
25	42.9121	97.8986
26	42.9988	97.9444
27	43.0625	97.9779
28	43.1266	98.0159
29	43.1915	98.0589
30	43.2305	98.0858
31	43.2928	98.1372
32	43.351	98.1913
33	43.524	98.3715
34	43.5452	98.3935
35	44.096	98.9805
36	44.2438	99.1245
37	44.5	99.3874
38	44.907	99.817
39	45.4368	100.372
40	45.5603	100.489
41	45.5838	100.505
42	45.6176	100.534
43	45.6566	100.558
44	45.6949	100.582
45	45.7697	100.615
46	45.8209	100.622
47	45.8771	100.624
48	45.9233	100.622
49	45.9626	100.612
50	46.047	100.596
51	46.1538	100.585
52	46.4254	100.608
53	46.4194	100.782
54	47.1357	100.807
55	47.9737	100.842
9	0	33
0	35.1438	114.366
1	34.7903	114.357
2	34.2638	114.349
3	34.2532	114.348
4	34.0408	114.339
5	34.0452	114.117
6	33.86	114.118
7	33.4553	114.117
8	33.3987	114.116
9	33.1861	114.11
10	33.1748	114.43
11	33.163	114.84
12	33.1444	115.29
13	33.1391	115.408
14	33.138	115.431
15	33.1356	115.513
16	33.135	115.544
17	33.2332	115.544
18	33.2555	115.539
19	33.2653	115.532
20	33.2685	115.522
21	33.2658	115.511
22	33.2526	115.499
23	32.9803	115.495
24	32.8837	115.491
25	32.8435	115.488
26	32.8258	115.488
27	32.6751	115.48
28	32.5737	115.477
29	32.5671	115.996
30	32.3542	115.974
31	32.2334	115.964
32	32.0029	115.969
10	0	115
0	37.4844	106.547
1	37.4054	106.549
2	37.2594	106.55
3	37.1042	106.552
4	36.9109	106.551
5	36.7333	106.548
6	36.1243	106.537
7	36.0661	106.535
8	35.9534	106.531
9	35.9396	106.529
10	35.7573	106.515
11	35.4894	106.497
12	35.3168	106.482
13	35.279	106.482
14	35.2489	106.484
15	35.2038	106.488
16	35.1715	106.486
17	35.1294	106.481
18	35.1159	106.479
19	35.0685	106.474
20	34.9734	106.462
21	34.6373	106.447
22	34.6367	106.464
23	34.6342	106.534
24	34.6299	106.622
25	34.622	106.807
26	34.616	106.971
27	34.6106	107.209
28	34.6095	107.261
29	34.6039	107.322
30	34.5974	107.397
31	34.5817	107.409
32	34.1757	107.392
33	34.1571	107.391
34	33.8729	107.379
35	33.812	107.373
36	33.7405	107.363
37	33.6089	107.334
38	33.5539	107.321
39	33.2419	107.311
40	33.1635	107.321
41	33.0955	107.33
42	33.0616	107.334
43	33.045	107.336
44	32.9841	107.341
45	32.8831	107.338
46	32.566	107.324
47	32.5574	107.324
48	32.2336	107.31
49	32.0101	107.303
50	31.848	107.292
51	31.7271	107.289
52	31.418	107.274
53	31.4047	107.273
54	31.3869	107.272
55	31.375	107.271
56	31.1194	107.261
57	31.0933	107.26
58	30.9064	107.253
59	30.8536	107.247
60	30.7111	107.243
61	30.6362	107.239
62	30.5686	107.235
63	30.4657	107.232
64	30.4534	107.231
65	30.3186	107.229
66	30.2973	107.229
67	30.26	107.227
68	30.1387	107.212
69	30.0843	107.212
70	30.0466	107.213
71	30.0088	107.21
72	29.9686	107.199
73	29.9273	107.185
74	29.8879	107.166
75	29.8383	107.136
76	29.8119	107.12
77	29.7835	107.104
78	29.749	107.088
79	29.7088	107.076
80	29.6719	107.07
81	29.5907	107.062
82	29.4435	107.049
83	29.3197	107.036
84	29.2502	107.037
85	29.1381	107.049
86	29.0551	107.051
87	29.0155	107.05
88	28.9551	107.044
89	28.794	107.033
90	28.5698	107.018
91	28.3025	106.998
92	28.1751	106.99
93	27.9016	106.971
94	27.8197	106.967
95	27.7482	106.963
96	27.449	106.964
97	27.4368	106.964
98	27.4058	106.972
99	27.3232	106.974
100	27.2	106.976
101	27.1648	106.976
102	27.057	106.978
103	27.048	106.978
104	26.9907	106.978
105	26.9296	106.978
106	26.8146	106.977
107	26.7331	106.977
108	26.7171	106.977
109	26.7068	106.965
110	26.7034	106.958
111	26.7033	106.95
112	26.7071	106.942
113	26.7202	106.928
114	26.7413	106.927
11	0	78
0	37.5975	114.805
1	37.5874	114.815
2	37.5572	114.842
3	37.5364	114.861
4	37.5265	114.87
5	37.5073	114.888
6	37.4845	114.908
7	37.3663	115.016
8	37.3064	115.079
9	37.2917	115.092
10	37.2619	115.117
11	37.2221	115.15
12	37.1218	115.239
13	37.0867	115.271
14	37.0454	115.308
15	37.0371	115.316
16	36.984	115.37
17	36.9773	115.377
18	36.9477	115.404
19	36.9312	115.419
20	36.9188	115.43
21	36.8604	115.484
22	36.8542	115.489
23	36.8177	115.499
24	36.7883	115.52
25	36.7579	115.543
26	36.6888	115.579
27	36.6532	115.601
28	36.5976	115.615
29	36.5423	115.623
30	36.4726	115.623
31	36.409	115.62
32	36.3745	115.633
33	36.3494	115.651
34	36.3308	115.687
35	36.3236	115.712
36	36.3234	115.74
37	36.3308	115.79
38	36.3442	115.841
39	36.3679	115.9
40	36.3936	115.975
41	36.4543	116.103
42	36.4715	116.139
43	36.5444	116.292
44	36.6476	116.51
45	36.7471	116.726
46	36.8972	117.04
47	37.0029	117.261
48	37.0369	117.309
49	37.0896	117.403
50	37.1255	117.453
51	37.1672	117.511
52	37.1848	117.539
53	37.2009	117.577
54	37.2141	117.621
55	37.217	117.677
56	37.2097	117.724
57	37.1833	117.792
58	37.1577	117.832
59	37.1282	117.864
60	37.0911	117.894
61	37.0523	117.91
62	36.9572	117.926
63	36.9245	117.931
64	36.8627	117.941
65	36.7645	117.954
66	36.6931	117.961
67	36.6004	117.961
68	36.5081	117.957
69	36.47	117.956
70	36.3946	117.949
71	36.3946	117.949
72	36.3946	117.949
73	36.3524	117.965
74	36.2205	117.959
75	35.6316	117.935
76	35.6309	118.317
77	35.6351	118.474
12	0	65
1	37.9829	107.986
2	37.979	108.282
3	37.9788	108.298
4	38.5238	108.292
5	38.5673	108.291
6	38.7923	108.29
7	38.9174	108.29
8	39.1325	108.291
9	39.2118	108.29
10	39.8297	108.283
11	40.0185	108.28
12	40.4876	108.278
13	40.6848	108.274
14	40.7305	108.273
15	40.8313	108.274
16	40.9243	108.273
17	41.145	108.274
18	41.358	108.271
19	41.3991	108.253
20	41.4188	108.232
21	41.4236	108.204
22	41.4199	108.176
23	41.4027	108.148
24	41.3886	108.139
25	41.3711	108.131
26	41.3489	108.131
27	41.3284	108.137
28	41.3138	108.145
29	41.2986	108.164
30	41.2887	108.184
31	41.2844	108.206
32	41.2783	108.283
33	41.2755	108.325
34	41.2723	108.424
35	41.2646	108.517
36	41.2653	108.533
37	41.2667	108.804
38	41.2611	109.265
39	41.2612	109.837
40	41.2607	110.223
41	41.2626	110.62
42	41.264	111.262
43	41.265	111.401
44	41.2616	111.696
45	41.2633	111.924
46	41.263	112.268
47	41.2636	112.581
48	41.2634	112.939
49	41.2681	113.295
50	41.266	113.404
51	41.2589	113.503
52	41.2499	113.591
53	41.23	113.726
54	41.1965	113.886
55	41.1643	113.998
56	41.1228	114.107
57	41.072	114.221
58	41.0266	114.306
59	40.9805	114.386
60	40.9351	114.452
61	40.8848	114.52
62	40.8007	114.616
63	40.7249	114.703
64	40.6601	114.77
13	0	98
0	25.5264	112.115
1	25.6279	112.476
2	25.6944	112.442
3	25.7547	112.411
4	25.8154	112.384
5	25.8379	112.374
6	25.9842	112.294
7	26.0566	112.255
8	26.1434	112.202
9	26.1714	112.187
10	26.3199	112.105
11	26.4142	112.061
12	26.5045	112.026
13	26.6124	111.992
14	26.6812	111.979
15	26.7039	111.976
16	26.7543	111.965
17	26.8316	111.957
18	26.9371	111.95
19	27.093	111.932
20	27.1115	111.937
21	27.12	111.947
22	27.1212	111.959
23	27.1156	111.97
24	27.101	111.982
25	27.0543	111.986
26	26.9972	111.992
27	26.8307	112.009
28	26.7353	112.016
29	26.6313	112.036
30	26.5739	112.052
31	26.5117	112.068
32	26.4391	112.104
33	26.2166	112.223
34	26.1655	112.249
35	26.1278	112.287
36	26.0834	112.357
37	26.071	112.368
38	26.0666	112.37
39	26.0547	112.376
40	26.0069	112.396
41	25.9789	112.411
42	25.9671	112.425
43	25.9574	112.442
44	25.9571	112.484
45	25.943	112.558
46	25.9338	112.765
47	25.9281	112.814
48	25.927	112.847
49	25.9034	113.281
50	25.9015	113.315
51	25.8885	113.535
52	25.8569	114.052
53	25.8488	114.13
54	25.8289	114.277
55	25.8069	114.519
56	25.7966	114.6
57	25.749	114.874
58	25.7017	115.194
59	25.6962	115.274
60	25.6692	115.608
61	25.6574	115.651
62	25.6225	115.698
63	25.5845	115.736
64	25.3813	115.914
65	25.3056	115.981
66	25.2582	116.03
67	25.2169	116.097
68	25.1982	116.146
69	25.1858	116.184
70	25.1761	116.235
71	25.1698	116.29
72	25.1509	116.554
73	25.1235	116.938
74	25.1041	117.227
75	25.0993	117.309
76	25.0913	117.391
77	25.0682	117.632
78	25.0278	117.986
79	25.0172	118.066
80	25.0041	118.117
81	24.9837	118.162
82	24.9551	118.202
83	24.8998	118.264
84	24.753	118.434
85	24.7275	118.474
86	24.7157	118.527
87	24.7032	118.567
88	24.6972	118.602
89	24.6677	118.836
90	24.6617	118.871
91	24.6413	118.88
92	24.6172	118.877
93	24.3795	118.855
94	24.38	118.838
95	24.4019	118.523
96	24.422	118.519
97	24.4292	118.52
14	0	76
0	29.9119	110.14
1	29.9108	110.212
2	29.9092	110.228
3	29.9085	110.233
4	29.9029	110.249
5	29.9008	110.257
6	29.8671	110.328
7	29.8641	110.435
8	29.8487	110.469
9	29.8381	110.773
10	29.83	111.073
11	29.8246	111.258
12	29.8134	111.594
13	29.8126	111.634
14	29.8112	111.679
15	29.8093	111.789
16	29.8062	111.983
17	29.8046	112.086
18	29.7966	112.271
19	29.8021	112.326
20	29.8056	112.355
21	29.8153	112.387
22	29.7966	112.271
23	29.8021	112.326
24	29.8056	112.355
25	29.8153	112.387
26	29.8343	112.431
27	29.8576	112.475
28	29.8832	112.508
29	29.9022	112.527
30	29.9396	112.552
31	30.0003	112.577
32	30.045	112.593
33	30.1652	112.641
34	30.185	112.649
35	30.2532	112.677
36	30.3098	112.699
37	30.4905	112.768
38	30.5587	112.796
39	30.6128	112.819
40	30.6761	112.852
41	30.7434	112.892
42	30.7778	112.912
43	30.8797	112.97
44	30.9172	112.992
45	31.0357	113.04
46	31.1183	113.07
47	31.1725	113.081
48	31.2661	113.09
49	31.396	113.099
50	31.5555	113.105
51	31.5858	113.108
52	31.6137	113.117
53	31.6334	113.125
54	31.6428	113.132
55	31.6553	113.143
56	31.6664	113.154
57	31.6766	113.166
58	31.6884	113.183
59	31.6993	113.203
60	31.7971	113.403
61	31.809	113.43
62	31.8182	113.459
63	31.8239	113.485
64	31.827	113.514
65	31.8299	113.561
66	31.8295	113.731
67	31.8415	113.838
68	31.8455	113.887
69	31.8412	113.942
70	31.8368	114.138
71	31.8259	114.153
72	31.8151	114.158
73	31.8026	114.152
74	31.795	114.138
75	31.7972	114.01
15	0	174
0	35.0406	111.3
1	35.1556	111.306
2	35.5954	111.304
3	35.7803	111.304
4	36.0283	111.3
5	36.3094	111.3
6	36.4185	111.303
7	36.4544	111.266
8	36.4577	111.146
9	36.458	111.128
10	36.4754	111.05
11	36.4754	111.05
12	36.4765	110.97
13	36.4938	110.93
14	36.4949	110.824
15	36.4985	110.73
16	36.5119	110.374
17	36.5162	110.213
18	36.525	109.836
19	36.5281	109.706
20	36.5402	109.394
21	36.5477	109.202
22	36.5508	109.151
23	36.5578	109.037
24	36.5608	108.961
25	36.5666	108.901
26	36.6028	108.689
27	36.6131	108.629
28	36.618	108.574
29	36.6211	108.453
30	36.6248	108.313
31	36.6266	108.183
32	36.6327	108.092
33	36.6375	108.018
34	36.646	107.942
35	36.6547	107.864
36	36.6722	107.735
37	36.6798	107.684
38	36.6805	107.643
39	36.6764	107.602
40	36.6711	107.554
41	36.6681	107.522
42	36.6627	107.487
43	36.6643	107.445
44	36.6763	107.401
45	36.7088	107.339
46	36.7237	107.318
47	36.7395	107.304
48	36.765	107.286
49	36.7924	107.27
50	36.8198	107.26
51	37.1579	107.158
52	37.1976	107.146
53	37.2223	107.137
54	37.2552	107.114
55	37.2807	107.088
56	37.3063	107.053
57	37.3189	107.023
58	37.3258	106.993
59	37.3299	106.963
60	37.3298	106.778
61	37.3318	106.693
62	37.3333	106.611
63	37.3369	106.542
64	37.3435	106.465
65	37.3565	106.313
66	37.3943	105.95
67	37.4199	105.668
68	37.4281	105.583
69	37.4432	105.417
70	37.4485	105.329
71	37.4583	105.244
72	37.4735	105.098
73	37.4755	105.081
74	37.504	104.892
75	37.5179	104.793
76	37.5135	104.729
77	37.4989	104.657
78	37.4557	104.548
79	37.402	104.36
80	37.3835	104.283
81	37.3625	104.174
82	37.3372	104.008
83	37.3294	103.976
84	37.3142	103.934
85	37.2968	103.9
86	37.2792	103.869
87	37.2573	103.845
88	37.2297	103.82
89	37.2084	103.806
90	37.1765	103.79
91	37.1339	103.78
92	37.0912	103.777
93	37.0328	103.78
94	36.9353	103.786
95	36.7174	103.802
96	36.2107	103.842
97	35.8316	103.873
98	35.713	103.877
99	35.5966	103.878
100	35.5109	103.871
101	35.4951	103.87
102	35.4592	103.868
103	35.4111	103.862
104	35.3401	103.859
105	35.208	103.847
106	35.1764	103.847
107	35.1326	103.848
108	35.0823	103.857
109	35.0381	103.878
110	34.9879	103.911
111	34.915	103.961
112	34.8704	103.977
113	34.8276	103.985
114	34.7938	103.987
115	34.7577	103.986
116	34.6482	103.983
117	33.911	103.954
118	33.7686	103.942
119	33.5229	103.924
120	33.2707	103.91
121	32.7663	103.881
122	32.5713	103.866
123	32.5168	103.861
124	32.3177	103.845
125	32.1445	103.83
126	31.7917	103.79
127	31.5974	103.772
128	31.5921	103.849
129	31.4038	103.828
130	31.3881	103.827
131	31.3882	103.811
132	31.3883	103.76
133	31.3883	103.719
134	31.3867	103.496
135	31.386	103.407
136	31.3606	103.188
137	31.3491	103.08
138	31.3474	103.066
139	31.3596	103.064
140	31.3596	103.064
141	31.3706	103.061
142	31.4606	103.041
143	31.482	103.037
144	31.5019	103.04
145	31.5179	103.048
146	31.529	103.06
147	31.5358	103.077
148	31.5384	103.092
149	31.5375	103.11
150	31.5313	103.125
151	31.5199	103.14
152	31.4837	103.164
153	31.4558	103.178
154	31.4354	103.18
155	31.4203	103.176
156	31.4055	103.164
157	31.3984	103.149
158	31.3958	103.129
159	31.3973	103.112
160	31.4061	103.096
161	31.42	103.085
162	31.4377	103.077
163	31.5175	103.068
164	31.5363	103.062
165	31.5514	103.054
166	31.564	103.04
167	31.5734	103.02
168	31.5796	102.999
169	31.5882	102.971
170	31.601	102.947
171	31.6198	102.926
172	31.642	102.908
173	31.6717	102.894
16	0	90
3	29.9149	107.822
4	29.9138	107.854
5	29.916	107.886
6	29.9411	107.962
7	29.9417	107.971
8	29.9359	107.981
9	29.9299	107.988
10	29.9246	107.993
11	29.9157	107.998
12	29.9063	108.003
13	29.8995	108.01
14	29.8874	108.022
15	29.8844	108.152
16	29.881	108.303
17	29.8802	108.335
18	29.8856	108.46
19	29.8896	108.552
20	29.896	108.608
21	29.9008	108.698
22	29.8982	108.825
23	29.8886	109.202
24	29.8736	109.658
25	29.8679	109.807
26	29.8669	109.866
27	29.8647	109.978
28	29.8611	110.12
29	29.8533	110.354
30	29.8522	110.386
31	29.8487	110.469
32	29.8381	110.773
33	29.83	111.073
34	29.8246	111.258
35	29.8134	111.594
36	29.8126	111.634
37	29.8112	111.679
38	29.8093	111.789
39	29.8062	111.983
40	29.8046	112.086
41	29.7966	112.271
42	29.8021	112.326
43	29.8056	112.355
44	29.8153	112.387
45	29.8343	112.431
46	29.8576	112.475
47	29.8832	112.508
48	29.9022	112.527
49	29.9396	112.552
50	30.0003	112.577
51	30.045	112.593
52	30.1652	112.641
53	30.185	112.649
54	30.2532	112.677
55	30.3098	112.699
56	30.4905	112.768
57	30.5587	112.796
58	30.6128	112.819
59	30.6761	112.852
60	30.7434	112.892
61	30.7778	112.912
62	30.8797	112.97
63	30.9172	112.992
64	31.0357	113.04
65	31.1183	113.07
66	31.1725	113.081
67	31.2661	113.09
68	31.396	113.099
69	31.5555	113.105
70	31.5858	113.108
71	31.6137	113.117
72	31.6334	113.125
73	31.6428	113.132
74	31.6553	113.143
75	31.6664	113.154
76	31.6766	113.166
77	31.6884	113.183
78	31.6993	113.203
79	31.7971	113.403
80	31.809	113.43
81	31.8182	113.459
82	31.8239	113.485
83	31.827	113.514
84	31.8299	113.561
85	31.8295	113.731
86	31.8415	113.838
87	31.8455	113.887
88	32.0036	113.892
89	32.0241	113.885
17	0	109
0	26.5784	116.396
1	26.5638	116.461
2	26.5541	116.486
3	26.5492	116.507
4	26.5438	116.535
5	26.5399	116.563
6	26.5362	116.593
7	26.5333	116.632
8	26.5312	116.675
9	26.528	116.724
10	26.5137	116.891
11	26.5102	116.955
12	26.503	117.081
13	26.4972	117.176
14	26.4976	117.222
15	26.4898	117.36
16	26.4745	117.415
17	26.4705	117.482
18	26.4778	117.482
19	26.6155	117.487
20	26.6562	117.489
21	26.6689	117.489
22	26.7768	117.493
23	26.8063	117.494
24	27.0941	117.514
25	27.1696	117.529
26	27.3537	117.538
27	27.86	117.561
28	27.9305	117.566
29	28.2231	117.585
30	28.6057	117.606
31	28.8819	117.627
32	29.1498	117.634
33	29.3788	117.646
34	29.9188	117.674
35	30.06	117.679
36	30.5658	117.7
37	30.9043	117.715
38	31.0454	117.72
39	31.2159	117.725
40	31.2652	117.726
41	31.5782	117.738
42	31.6785	117.745
43	31.8096	117.751
44	32.2445	117.764
45	32.5338	117.775
46	32.6538	117.78
47	33.0419	117.794
48	33.3514	117.807
49	33.799	117.82
50	33.8821	117.825
51	34.1171	117.836
52	34.1345	117.836
53	34.3115	117.843
54	34.3301	117.843
55	34.4574	117.849
56	34.6266	117.86
57	35.8968	117.902
58	36.4691	117.923
59	36.7058	117.912
60	36.8331	117.889
61	36.9224	117.846
62	37.0029	117.783
63	37.093	117.7
64	37.1531	117.665
65	37.2058	117.657
66	37.2593	117.666
67	37.3076	117.7
68	37.3464	117.746
69	37.3617	117.796
70	37.3696	117.928
71	37.3835	118.001
72	37.3996	118.096
73	37.414	118.124
74	37.4725	118.244
75	37.6511	118.621
76	37.7379	118.812
77	37.848	119.082
78	37.9371	119.374
79	37.9555	119.453
80	37.9683	119.51
81	38.1136	120.114
82	38.134	120.196
83	38.1413	120.228
84	38.181	120.399
85	38.2495	120.682
86	38.2777	120.761
87	38.3152	120.883
88	38.3426	120.951
89	38.3774	120.997
90	38.4186	121.04
91	38.4625	121.084
92	38.4808	121.114
93	38.4927	121.152
94	38.4973	121.194
95	38.4908	121.239
96	38.4753	121.287
97	38.4583	121.309
98	38.4369	121.337
99	38.3939	121.362
100	38.354	121.377
101	38.3134	121.38
102	38.2649	121.37
103	38.2121	121.352
104	38.1426	121.33
105	38.1112	121.323
106	38.0535	121.321
107	38.0059	121.334
108	37.9181	121.361
18	0	145
0	26.5841	116.376
1	26.7202	116.381
2	27.2093	116.398
3	27.2089	116.407
4	27.2085	116.416
5	27.2041	116.537
6	27.1877	116.976
7	27.176	117.292
8	27.176	117.292
9	27.1739	117.36
10	27.173	117.387
11	27.172	117.413
12	27.169	117.508
13	27.3845	117.516
14	27.5642	117.526
15	27.5981	117.528
16	27.6654	117.531
17	27.8891	117.544
18	27.9008	117.544
19	28.0136	117.545
20	28.3123	117.565
21	28.5006	117.576
22	28.7993	117.595
23	28.8055	117.596
24	28.8406	117.599
25	28.9142	117.606
26	28.9273	117.606
27	28.9439	117.607
28	29.1339	117.616
29	29.1718	117.617
30	29.2191	117.619
31	29.3819	117.626
32	29.4297	117.628
33	29.6116	117.637
34	29.6296	117.638
35	29.8414	117.655
36	29.8906	117.657
37	30.0132	117.662
38	30.06	117.679
39	30.5658	117.7
40	30.9043	117.715
41	31.0454	117.72
42	31.2159	117.725
43	31.2652	117.726
44	31.3196	117.72
45	31.4472	117.72
46	31.5393	117.721
47	31.5533	117.72
48	31.5669	117.716
49	31.6387	117.691
50	31.6526	117.686
51	31.6663	117.682
52	31.6812	117.681
53	31.6979	117.68
54	31.7169	117.68
55	31.7316	117.682
56	31.7453	117.685
57	31.7568	117.688
58	31.7709	117.694
59	31.7856	117.703
60	31.7976	117.712
61	31.8055	117.72
62	31.8134	117.731
63	31.8186	117.741
64	31.8236	117.753
65	31.8262	117.765
66	31.827	117.777
67	31.8268	117.79
68	31.8245	117.801
69	31.8217	117.81
70	31.8172	117.819
71	31.8104	117.829
72	31.7776	117.866
73	31.7542	117.895
74	31.7427	117.915
75	31.7365	117.929
76	31.7311	117.943
77	31.7261	117.961
78	31.6849	118.127
79	31.6558	118.208
80	31.6411	118.261
81	31.6294	118.303
82	31.617	118.341
83	31.5891	118.402
84	31.575	118.429
85	31.5376	118.496
86	31.1374	119.221
87	30.9263	119.627
88	30.7923	119.879
89	30.4198	120.581
90	30.3324	120.775
91	30.2248	120.948
92	29.8251	121.675
93	29.7387	121.832
94	29.6856	121.934
95	29.6007	122.094
96	29.4714	122.325
97	29.4323	122.39
98	29.3881	122.469
99	29.2546	122.714
100	29.0925	123.008
101	28.9517	123.257
102	28.9304	123.323
103	28.8932	123.393
104	28.8639	123.436
105	28.7806	123.587
106	28.6514	123.83
107	28.6463	123.84
108	28.6109	123.902
109	28.5798	123.958
110	28.575	123.967
111	28.5259	124.061
112	28.3057	124.47
113	28.2618	124.57
114	28.2245	124.673
115	28.1898	124.725
116	28.2269	124.762
117	28.2562	124.78
118	28.3147	124.796
119	28.3037	124.976
120	28.2938	125.137
121	28.2762	125.425
122	28.2165	126.23
123	28.7146	126.357
124	28.977	126.424
125	28.9801	126.425
126	28.9961	126.429
127	29.0797	126.455
128	29.0593	126.841
129	29.0586	126.855
130	29.0438	126.957
131	29.1189	127.022
132	29.6386	127.444
133	29.6657	127.463
134	30.1458	127.854
135	30.1549	127.864
136	30.2119	127.909
137	30.3032	127.984
138	30.3167	127.996
139	30.4018	128.065
140	30.4555	128.109
141	30.4803	128.127
142	30.5107	128.144
143	30.4994	128.197
144	30.5011	128.335
19	0	60
0	28.6213	120.176
1	28.6132	120.147
2	28.5938	120.086
3	28.5914	120.078
4	28.5413	119.915
5	28.5054	119.842
6	28.4586	119.747
7	28.3806	119.504
8	28.3772	119.493
9	28.3268	119.329
10	28.324	119.321
11	28.3186	119.304
12	28.4614	119.309
13	28.4617	119.3
14	28.4693	118.874
15	28.4915	118.438
16	28.4879	118.429
17	28.4884	118.413
18	28.4887	118.403
19	28.4974	118.393
20	28.4978	118.384
21	28.5054	118.157
22	28.5242	117.667
23	28.5247	117.661
24	28.5255	117.652
25	28.5284	117.571
26	28.5285	117.564
27	28.5446	117.565
28	28.5496	117.565
29	28.8054	117.581
30	28.8152	117.582
31	28.8231	117.587
32	28.9145	117.597
33	28.9221	117.598
34	28.9359	117.599
35	28.9503	117.599
36	29.1344	117.606
37	29.1344	117.606
38	29.1339	117.616
39	29.1718	117.617
40	29.2191	117.619
41	29.3819	117.626
42	29.4297	117.628
43	29.6116	117.637
44	29.6161	117.486
45	29.6169	117.459
46	29.6321	117.2
47	29.6341	117.167
48	29.6509	116.852
49	29.6528	116.766
50	29.6459	116.727
51	29.6467	116.614
52	29.6451	116.564
53	29.6403	116.535
54	29.6285	116.494
55	29.6167	116.458
56	29.5077	116.455
57	29.4454	116.45
58	29.3543	116.45
59	29.1763	116.447
20	0	91
0	24.4924	122.121
1	24.1061	122.046
2	24.0561	122.035
3	24.0063	122.018
4	23.9606	121.995
5	23.7632	121.859
6	23.7247	121.834
7	23.6878	121.818
8	23.6536	121.808
9	23.5865	121.798
10	23.5731	121.795
11	23.559	121.786
12	23.7223	121.532
13	23.7415	121.502
14	23.7844	121.435
15	23.8262	121.363
16	23.8668	121.293
17	23.9007	121.234
18	23.9222	121.18
19	23.9452	121.114
20	23.9465	121.078
21	23.9393	121.057
22	23.9231	121.04
23	23.9024	121.034
24	23.7223	121.006
25	23.6863	120.988
26	23.6645	120.973
27	23.6458	120.952
28	23.6343	120.927
29	23.6306	120.906
30	23.6303	120.883
31	23.6356	120.857
32	23.6468	120.835
33	23.6635	120.814
34	23.6841	120.799
35	23.7083	120.789
36	23.7309	120.787
37	23.7546	120.788
38	23.8117	120.795
39	23.9162	120.816
40	24.2038	120.877
41	24.4526	120.915
42	24.7184	120.956
43	24.8263	120.97
44	24.935	120.988
45	25.0338	121.009
46	25.1578	121.05
47	25.406	121.146
48	25.5364	121.201
49	25.6928	121.244
50	25.8395	121.285
51	26.0635	121.334
52	26.2179	121.366
53	26.3775	121.399
54	26.489	121.422
55	26.6439	121.453
56	26.7465	121.477
57	26.9466	121.531
58	27.156	121.591
59	27.3346	121.66
60	27.5586	121.758
61	27.9036	121.913
62	28.0632	121.972
63	28.1657	121.993
64	28.252	122.001
65	28.3984	122
66	28.6575	121.993
67	29.0851	121.993
68	29.2797	121.99
69	29.342	121.98
70	29.3748	121.976
71	29.4168	121.958
72	29.4657	121.935
73	29.5397	121.89
74	29.5991	121.854
75	29.6453	121.824
76	29.691	121.791
77	29.7179	121.769
78	29.7449	121.743
79	29.7721	121.71
80	29.7999	121.671
81	29.8662	121.548
82	29.8832	121.503
83	30.1549	121.016
84	30.1826	120.963
85	30.197	120.929
86	30.2185	120.837
87	30.2414	120.768
88	30.278	120.693
89	30.3091	120.65
90	30.3908	120.566
21	0	118
0	16.8189	118.471
1	16.9614	118.463
2	16.9983	118.463
3	17.1234	118.435
4	17.2826	118.381
5	17.365	118.361
6	17.3906	118.365
7	17.3964	118.378
8	17.3887	118.416
9	17.3615	118.533
10	17.5427	118.501
11	17.8227	118.485
12	17.8568	118.487
13	17.9819	118.497
14	18.2007	118.457
15	18.3228	118.418
16	18.342	118.408
17	18.3539	118.393
18	18.3582	118.375
19	18.3568	118.351
20	18.3626	118.325
21	18.368	118.313
22	18.3781	118.299
23	18.4069	118.278
24	18.4425	118.272
25	18.4736	118.281
26	18.4797	118.285
27	18.5023	118.307
28	18.5147	118.335
29	18.517	118.369
30	18.5096	118.395
31	18.5074	118.416
32	18.511	118.428
33	18.5473	118.445
34	18.5537	118.453
35	18.5562	118.464
36	18.5565	118.496
37	18.5609	118.507
38	18.6181	118.575
39	18.6459	118.602
40	18.7144	118.676
41	18.7441	118.701
42	18.7949	118.74
43	18.8738	118.782
44	18.936	118.809
45	19.0627	118.851
46	19.6823	119.005
47	19.8201	119.047
48	19.9033	119.082
49	19.9967	119.129
50	20.061	119.165
51	20.3396	119.333
52	20.4642	119.41
53	20.539	119.449
54	20.6044	119.479
55	20.6602	119.501
56	20.7168	119.518
57	20.7542	119.528
58	20.8198	119.543
59	20.8764	119.553
60	20.9512	119.562
61	20.9992	119.567
62	21.369	119.587
63	21.4567	119.592
64	21.8519	119.616
65	21.9657	119.625
66	22.0446	119.638
67	22.1253	119.664
68	22.1916	119.689
69	22.2602	119.713
70	22.3371	119.764
71	22.4047	119.816
72	22.4481	119.863
73	22.4949	119.93
74	22.5212	119.967
75	22.552	120.02
76	22.5749	120.076
77	22.6489	120.265
78	22.7041	120.38
79	22.7416	120.445
80	22.7927	120.506
81	22.8481	120.557
82	22.9267	120.614
83	23.0044	120.653
84	23.0853	120.681
85	23.1695	120.703
86	23.2539	120.718
87	23.3729	120.741
88	23.5483	120.771
89	24.2038	120.877
90	24.4526	120.915
91	24.7184	120.956
92	24.8263	120.97
93	24.935	120.988
94	25.0338	121.009
95	25.1578	121.05
96	25.406	121.146
97	25.5364	121.201
98	25.6928	121.244
99	25.8395	121.285
100	25.9567	121.295
101	26.4374	121.397
102	26.4441	121.389
103	26.4529	121.39
104	26.4626	121.392
105	26.4251	121.439
106	26.372	121.509
107	26.3632	121.521
108	26.3189	121.582
109	26.3047	121.612
110	26.2973	121.638
111	26.29	121.719
112	26.2552	122.067
113	26.2431	122.215
114	26.2306	122.373
115	26.2299	122.383
116	26.2113	122.642
117	26.2084	122.663
22	0	90
0	32.5437	116.865
1	32.5594	116.484
2	32.5599	116.472
3	32.5619	116.46
4	32.7995	116.462
5	33.0437	116.467
6	33.0554	116.467
7	33.0699	116.467
8	33.0746	116.455
9	33.0771	116.448
10	33.0816	116.436
11	33.0836	116.396
12	33.0843	116.365
13	33.0977	116.012
14	33.1142	115.543
15	33.1149	115.512
16	33.1169	115.431
17	33.1176	115.408
18	33.127	115.074
19	33.1281	115.043
20	33.1351	114.84
21	33.1229	114.839
22	33.1229	114.839
23	32.5661	114.812
24	32.5503	114.812
25	32.3334	114.803
26	32.2018	114.799
27	32.0587	114.795
28	32.0363	114.795
29	31.8762	114.793
30	31.8846	114.898
31	31.8953	115.018
32	31.9094	115.179
33	31.9215	115.269
34	31.9276	115.368
35	31.9294	115.398
36	31.9328	115.461
37	31.9337	115.472
38	31.9385	115.499
39	32.0329	115.503
40	32.0477	115.493
41	32.0519	115.485
42	32.0522	115.477
43	32.05	115.468
44	32.0432	115.459
45	32.0191	115.444
46	31.801	115.437
47	31.5048	115.429
48	31.3908	115.425
49	31.3288	115.421
50	30.7483	115.396
51	30.6325	115.394
52	30.6022	115.394
53	30.7483	115.396
54	30.6325	115.394
55	30.6022	115.394
56	30.3388	115.39
57	30.1726	115.388
58	29.7694	115.389
59	29.5714	115.388
60	29.3031	115.385
61	29.2633	115.385
62	29.2464	115.384
63	29.188	115.384
64	29.188	115.384
65	28.8669	115.379
66	28.7479	115.377
67	28.0682	115.376
68	27.7403	115.362
69	27.6502	115.357
70	27.4744	115.349
71	27.3374	115.34
72	27.27	115.347
73	27.0222	115.336
74	26.9655	115.339
75	26.8915	115.327
76	26.8899	115.332
77	26.8753	115.329
78	26.833	115.477
79	26.8208	115.518
80	26.8069	115.565
81	26.7964	115.6
82	26.79	115.622
83	26.7847	115.64
84	26.7692	115.692
85	26.7385	115.794
86	26.6897	115.972
87	26.6534	116.086
88	26.6481	116.103
89	26.6205	116.196
