29096 20048 20049 7828 22137 24705 4404 24711 8818 4405 4389 4396 4390 8814 24719 24714 22139 4398 4399 22141 28054 24725 28055 27216 7734 7820 27221 28062 23476 23480 13757 13741 8834 8828 13744 7821 29099 7823 20059 13750 23486 23487 7822 23492 29089 14771 5038 23493 28900 28886 8842 
2267 982 921 900 26861 29935 15257 15252 15256 5844 15260 15259 15243 15238 16023 5843 6555 
4405 4389 4396 4390 8814 24719 24714 22139 4398 4399 22141 28054 24725 28055 27216 7734 7820 27221 28062 23476 23480 13757 13741 8834 8828 13744 7821 29099 7823 20059 13750 23486 23487 7822 23492 29089 14771 5038 23493 28900 28886 8842 8841 8843 27397 17968 8844 8845 8840 28907 8846 28914 28915 8839 19386 29969 8847 23809 23810 29968 15667 15687 15699 15710 18967 18980 18981 18988 18014 
17081 17083 12674 7485 7483 12602 12698 2209 17411 7558 7376 7549 14222 17498 17499 12590 12587 12603 7543 7542 
7400 7384 7402 3653 21706 30712 15686 15655 19382 8845 30088 24462 19388 19391 19392 19397 19403 19408 27944 19415 25194 19413 23663 


12252 4349 12098 12177 6057 12161 6767 2331 27087 27088 27085 27084 2332 2334 2335 27283 20803 2336 15952 15984 15955 1923 1924 6685 14313 14289 1839 26370 14308 14302 14295 4928 14102 13453 4933 1293 2121 2124 27269 1759 30693 2603 2125 2592 4814 
4553 20951 1609 30025 1057 123 1610 1611 125 124 3664 115 116 26335 20949 6504 20948 15950 15958 15962 15970 15951 4935 15968 30592 15983 4938 2480 17985 1218 2407 10787 2408 4724 1156 10751 10897 1157 23406 10833 10802 10878 10861 1155 1136 1135 

8033 2111 12726 2116 2115 25016 25011 4164 4168 25010 25008 23690 4092 1346 5425 5423 5418 10907 5255 5406 25137 1344 2591 2588 29609 2120 5087 5079 6764 4819 1289 2242 28283 2684 5442 5081 6903 
13889 22701 5771 13888 11381 13895 4657 18703 4656 4505 17020 11207 11338 4504 11143 4503 7898 15891 15885 15882 17001 18873 17003 1648 6420 18860 6422 20522 15634 1174 15629 1175 15626 15616 15622 
11070 7879 11072 2230 20508 20507 20506 20505 27304 4714 5782 29202 20521 20522 15634 1174 15629 1175 15626 15616 15622 4018 18756 1176 9790 9788 1177 1178 17086 2401 23602 23606 1179 17091 10451 1180 24197 5456 17111 17117 14733 17130 7053 1181 20213 26384 17142 17143 1182 3399 3398 3403 20288 17074 7271 7272 17732 20238 17700 3393 3394 
13217 4404 24711 8818 8819 28958 28957 4397 17781 13126 17777 17774 30063 4410 24547 28072 4666 4665 13180 4667 22745 4668 12456 4712 27307 29201 22564 2359 22560 27306 27305 27302 2229 27300 7866 4722 11335 
3498 18095 14376 18098 18097 4273 4282 4280 27144 27140 27123 6689 27137 1674 6408 6407 13955 27147 13959 6413 5704 12290 12048 15426 27153 27154 20167 18543 6524 20176 20181 27270 6698 18545 1991 11772 1990 1995 8151 1994 
14144 13130 28585 8430 24428 28607 28603 28594 8799 6531 6530 21022 6526 8800 28995 6527 21017 6528 6529 21010 3573 3572 5829 21003 21002 22647 5839 5833 5834 5831 5832 28344 8238 8239 20103 8240 8241 8284 16176 24440 8279 8259 8274 13245 8271 8273 
18682 18683 18684 21909 18685 18686 475 476 11131 1754 11277 1755 15904 11023 15916 23430 1720 

28253 14119 14115 14113 14116 14111 14110 14107 1759 30692 26375 13454 26376 4806 14104 4805 23214 4809 14298 4808 4807 2118 4166 4163 4167 1216 1215 23178 4160 1212 14279 14276 14284 14270 1210 1209 1275 14252 14227 6695 14264 14239 14248 1274 6694 14214 1273 14429 14261 14241 14215 2360 2361 9784 9785 9529 9527 1632 15390 1631 9845 9843 15363 2502 19788 15366 
1755 11277 1754 11131 476 1737 20516 20515 6212 20512 20511 20509 20508 7891 7878 6769 6770 11137 7896 
