1965 789 790 6229 809 795 815 
29941 8301 22383 3344 3345 22374 22354 3352 22348 22338 22412 22294 3353 21863 22288 21383 3363 3358 3361 935 21495 21486 21368 21367 3365 21474 937 21457 21456 33 938 32 21419 21418 21416 21415 31064 21413 21412 21410 31059 31055 21407 21405 26593 
13807 7603 6046 19948 6054 24244 7375 28301 6045 6635 6044 24216 24217 24218 28345 24219 24220 670 5990 7243 13489 5911 5909 5907 5904 9371 5902 686 5900 1494 5292 6014 7353 6011 6002 6003 5899 5897 5895 5893 7237 4849 6019 6024 25555 6018 30670 13333 30674 23597 15932 23600 28666 26801 6020 5867 2016 2033 1997 2035 184 2022 4042 169 171 4043 5849 157 
15530 15506 15509 32323 17697 17713 4664 24089 24070 8923 4667 24069 1108 10565 24067 2238 24068 27352 28751 3969 3968 27350 3977 3986 32016 3989 32017 32041 32032 32022 31998 31996 5120 32197 32192 5126 32185 32177 5127 5128 5129 27225 5130 27222 29341 6118 6119 29327 29329 24342 24344 4073 24352 5160 4074 
15449 1214 4302 30448 30460 31879 30465 4305 4304 4303 30801 30804 1222 28780 9336 28786 9334 9335 430 657 658 492 28821 28824 4995 4996 4999 12361 836 17693 17694 7384 8185 
22879 17870 17874 22874 4241 17885 22867 25950 25949 4248 849 17845 17812 22034 22033 847 22032 205 17863 206 17880 17837 4615 1740 1741 17851 8711 23759 8709 17817 22061 22062 24153 24163 24164 24165 24166 24167 24169 24172 24180 24187 24189 8264 3664 8246 31511 31512 
23890 23913 23914 11159 994 993 
9868 10539 10522 8600 1890 4842 31958 8632 21701 21444 854 21445 18474 18497 18472 18478 26806 3383 22083 22085 5699 31444 22102 22108 3388 22117 
2912 14070 9044 18086 9050 18078 20405 18065 9245 20428 18073 20421 9246 18060 4684 25825 3505 3486 3487 3488 3489 3490 9235 4685 4688 
8828 15417 15283 15234 15290 15256 15225 15309 2801 15410 18952 15327 23033 2802 22005 22002 22003 22969 1033 3471 8802 
19039 
6027 27276 28665 1839 167 13020 1836 159 160 7578 7579 161 5135 162 163 5139 164 16007 5011 17632 5010 17905 30405 5014 17901 30410 5013 5012 1226 989 9264 
1868 13034 30700 1869 12987 13083 16750 1777 1776 13153 1778 13105 1779 97 13212 13119 12918 13041 98 13081 129 128 127 13090 1785 86 4723 
1055 1042 7282 24017 24018 1034 1035 14405 1036 14473 14533 14568 1056 14504 7357 26386 14553 9831 14673 1037 1038 1070 853 
30528 4407 13970 7133 4420 8373 26352 4408 25807 
30521 30525 30528 4407 13970 7133 4420 8373 26352 4408 
4482 4461 4475 31603 31599 31597 4474 31587 31586 31581 4473 31555 4481 26466 31549 31547 353 3901 354 355 28833 28832 3889 3915 356 357 31649 4502 31642 31640 31639 4501 27844 27845 8042 8041 8040 8039 
3424 5019 30411 30412 30413 30414 30416 30418 30421 30422 221 31261 26931 269 21697 19500 19480 234 324 23529 23531 31506 31469 31470 31473 31474 31475 31476 31477 7672 31478 1663 614 
15528 25846 15504 25830 9692 9688 9237 9236 9235 15557 4687 15502 9241 
